5.48003
4.72983
4.77876
3.34189
4.82612
4.82612
3.42515
3.99616
3.33247
2.49177
1.68669
1.53466
-0.941476
1.33528
0.351468
-4.01655
-3.77043
-6.38852
-4.85304
-7.19092
-6.94495
-8.88412
-10.0182
-12.4941
-14.4403
-14.5932
-9.18394
-12.6203
-16.5699
-9.60154
-8.27589
-12.2557
-10.8824
-6.36011
-7.22646
-12.1362
-0.540789
-7.34867
0.65947
0.995543
1.28076
1.7126
5.71793
4.95586
4.87414
6.35114
5.70918
3.8161
4.85139
6.18243
6.15229
7.35676
6.0215
4.72139
6.01279
4.61616
5.54926
6.36275
3.3123
1.96724
0.960483
0.0963151
-4.97034
-7.45314
-8.71868
-10.5839
-15.5822
-12.295
-13.8747
-14.4245
-9.82661
-11.5024
-13.9313
-8.14024
-9.2705
-12.7053
-15.1805
-12.7124
-9.91803
-7.68012
-8.86148
-5.64085
-5.19485
-0.330834
-0.309573
1.55749
2.93853
2.74223
3.68839
5.01976
4.29658
6.7213
3.54825
5.51105
6.1326
6.40438
6.29236
4.18759
5.31469
3.90697
4.17498
3.71351
4.03381
4.4722
5.543
6.76609
4.64604
3.21009
2.19238
0.73963
-4.91271
-1.9296
-2.18458
-3.68407
-4.81015
-3.51831
-4.09883
-2.35539
-3.68674
-5.56419
-10.5144
-7.74699
-6.84483
-5.86645
-4.44103
-2.92743
-2.09131
0.151809
-0.782083
1.13489
-4.98612
-0.974702
-0.823196
-1.26214
-0.228108
0.132432
3.5522
4.70657
5.83337
5.87579
5.84528
5.85099
5.84528
5.84528
5.87003
5.87003
5.85099
5.84528
5.86507
5.82553
5.84528
5.85099
5.85099
5.91213
5.91213
5.8502
5.88498
4.8646
3.95977
3.50392
1.22994
-1.49399
-3.26695
-2.66106
-2.80105
-4.93534
-4.41456
-6.90077
-8.36338
-9.53342
-9.03845
-17.0363
-13.1791
-20.8501
-8.12437
-13.2958
-14.4252
-13.2706
-15.3129
-7.50761
-8.33043
-7.15126
5.23532
2.79112
-3.14299
0.922663
2.67893
5.9446
5.77537
5.77885
5.78074
7.08631
9.29614
7.328
11.0948
7.26732
5.7682
5.63532
5.55891
5.55891
5.55891
5.58707
5.05135
2.6044
-0.564886
-1.38465
-1.08376
-9.11919
-14.5466
-11.8242
-10.7007
-18.3567
-15.2221
-13.0284
-15.2103
-13.4833
-10.7801
-18.2062
-13.5293
-12.2245
-13.647
-14.9823
-21.7331
-13.0578
-6.28602
-7.23605
-6.7859
-4.09437
-9.06226
-4.7442
-2.66573
0.674965
-1.29529
-0.433513
4.34498
7.17577
6.81795
7.07759
6.99596
6.95737
6.22265
6.11208
5.85393
5.75724
5.8425
5.75575
5.71903
5.53219
5.45686
5.29334
2.10548
-0.77288
-4.67275
-8.04471
-11.2912
-11.8511
-9.74196
-11.8542
-12.9569
-1.93733
-6.63279
-23.6596
-13.9837
-8.05813
-2.54951
-5.20164
-0.693026
-3.51999
-5.58626
1.57665
-0.315178
-2.06182
-12.6863
-13.1392
-13.4293
-7.15321
-6.91211
-12.1625
-6.43524
-1.76762
4.62752
4.90829
8.48438
8.48438
8.48438
7.42367
7.6214
7.48198
7.43418
6.00735
5.56142
6.0106
6.8719
7.15712
7.11501
6.78502
7.09621
7.0015
3.18639
-0.822692
-3.89196
-7.24381
-6.68505
-7.49338
-11.5084
-13.3592
-17.2557
-22.6388
-23.1709
-16.8427
-6.99303
-9.79762
-9.74181
-8.10944
-8.33951
-4.34906
-4.18844
-4.99556
-6.22154
-6.96226
-3.20416
-3.84262
0.747082
-3.60691
-1.90898
-1.20155
-1.20155
-4.29863
-1.98725
5.51431
8.725
8.87918
8.37268
8.63749
8.63749
7.84796
7.67316
9.66636
7.63531
9.33345
6.89426
7.05242
6.82601
6.69264
6.34378
6.3146
2.67123
1.51378
-1.9028
-4.30137
-7.58061
-8.3786
-16.2146
-11.9942
-10.6717
-9.5526
-11.6084
-9.32948
-6.16595
-9.24003
-10.1632
-4.47558
-11.9365
-8.75048
-9.36135
-11.5434
-9.38734
-6.2588
-6.21679
-1.11956
4.40806
5.18456
8.34853
7.59244
-3.25387
-4.56801
1.43918
2.74598
4.93568
5.51561
8.87837
8.57707
8.27138
8.57707
8.27138
8.27138
8.57707
7.19623
7.64172
7.19623
6.90802
6.81911
6.81911
6.81911
2.73086
0.864242
-4.58019
-3.39596
-9.43421
-14.1622
-11.9894
-12.593
-6.55298
-21.2366
-16.4834
-10.4689
-8.37585
-9.01621
-7.06035
-6.11601
-7.08768
-8.06543
-6.71568
-5.24641
-2.01767
1.0277
-1.75081
-1.13064
-3.03736
-2.29387
-2.35433
-0.200424
1.0448
-1.34635
-1.11956
-0.538514
4.40806
6.84123
7.01295
10.1914
9.48318
8.18052
8.57707
7.64172
7.19623
7.95346
7.34645
7.87027
8.1642
8.1952
7.92367
7.26517
0.643865
-0.406087
-3.01493
-6.05432
-7.60939
-8.40691
-8.40691
-9.29887
-14.4453
-19.4915
-18.7243
-9.03461
-9.76008
-8.15046
-7.02135
-11.5635
-7.68429
-9.24035
-4.83545
3.83425
-9.01413
-7.50207
-4.26185
-6.13243
-5.99912
-5.2895
-1.13749
-1.56207
-0.469722
4.52506
4.29105
6.73756
12.5159
9.17905
9.79316
7.0486
8.725
7.05242
6.58823
6.81019
6.00505
5.86419
5.86419
5.86419
5.86419
5.56765
5.74468
5.76858
5.64092
1.43303
-0.778197
-3.66367
-5.3839
-6.92782
-9.67083
-15.1211
-21.3426
-15.2115
-9.29305
-8.74261
-10.4343
-12.5872
-12.3954
-11.7762
-2.89835
-11.6601
-6.94718
-6.3728
-5.1404
-1.85281
8.32055
3.89755
-0.356684
-0.79926
-1.57099
8.27138
7.19623
7.19623
7.19623
7.19623
7.19623
7.19623
6.90802
6.90802
6.90802
7.84796
7.43665
8.63749
7.43665
8.18052
7.43665
6.71555
7.15441
7.43665
6.82601
6.89209
3.39223
0.9013
0.994893
1.50435
1.80684
0.128877
-3.23409
-9.20942
-5.64933
-14.4348
-18.0285
-19.7528
-28.6833
-17.6585
-29.6804
-17.7587
-21.5172
-18.5048
-12.774
-10.9805
-7.52644
8.37268
7.30581
6.41113
4.87523
0.437444
0.401915
3.35562
6.16805
5.95972
5.19446
4.15138
4.37918
8.52065
11.1784
3.64806
12.1237
6.6613
8.37392
8.47922
7.00464
6.39641
7.44445
6.83175
6.1991
6.31821
8.1872
6.33373
6.27908
5.55148
3.54564
2.64255
1.5093
-1.14966
-4.9019
-18.2876
-16.4621
-17.5994
-16.8647
-16.7437
-13.2501
-12.7137
-19.8048
-15.8954
-12.9798
-22.6929
-14.8389
-22.1418
-11.5069
-11.7803
-6.48468
-6.58274
-11.5458
-6.19302
-3.19977
-4.12906
-0.959399
-1.85652
1.74616
3.46175
4.7049
4.64385
6.82024
7.80733
8.86846
7.28204
10.2081
9.6551
10.4784
9.54653
13.3725
8.58985
10.8306
8.04502
5.26343
4.92398
2.52867
1.8153
2.438
2.438
-11.6837
-18.107
-19.4179
-13.2988
-19.4326
-22.6192
-11.0587
-5.09206
-20.037
-23.7907
-19.8877
-19.4308
-22.3536
-17.4541
-21.8099
-19.0276
-14.9751
-18.5583
-11.9095
-12.5638
-12.0902
-9.15225
-7.63639
-9.95553
-5.36832
-0.479763
1.62119
2.15022
3.90032
4.96878
5.17873
5.36827
4.72885
6.38285
6.30133
10.4894
8.63397
4.88388
6.27763
6.04095
5.61056
6.65814
6.00605
5.28581
3.96486
2.31596
0.708792
-3.68161
-3.7334
-10.0327
-19.1484
-15.9796
-14.4142
-16.7818
-18.9325
-20.8649
-14.8784
-16.681
-30.5104
-21.1295
-23.904
-16.5291
-19.7748
-17.3356
-16.4152
-18.661
-11.6789
-14.5976
-9.213
-8.32502
-7.4429
-0.999439
-0.273475
-1.0716
-0.647495
-0.0873717
3.88507
6.43225
6.90011
6.64791
6.63346
6.40003
6.39052
6.37388
6.31777
6.31777
6.45913
6.52096
6.45913
6.52096
6.81798
6.53836
5.66278
1.30717
-2.41419
-5.42114
-10.7409
-10.3022
-16.1861
-14.8928
-25.3677
-18.2526
-17.567
-22.9439
-18.7023
-8.78072
-19.3438
-13.9692
-21.2181
-12.0826
-5.34595
-7.30539
-5.47004
-10.1526
-8.56896
-3.97064
-7.06228
-7.23787
-9.66295
-6.23874
-2.68731
-0.633707
-1.76939
5.18456
7.44972
10.496
9.05485
9.63418
9.31621
9.31621
8.51629
8.29537
8.29537
7.54648
5.97234
5.61244
6.43225
5.61019
5.61244
6.45085
6.90011
0.917071
-2.59598
-3.26733
-12.0108
-15.6868
-13.1194
-12.5739
-17.117
-21.7255
-19.2504
-11.7138
-8.41874
-8.45144
-17.258
-8.95475
-12.2384
-9.18447
-3.02015
0.28996
-6.57059
-6.92305
-3.8924
-3.81672
-7.9277
-6.84565
-2.12496
-0.537077
-0.99628
-1.20155
-1.11956
-0.54968
4.00491
4.40806
7.15365
7.22106
9.48318
8.58887
8.28769
8.28769
8.26233
8.51747
8.15783
8.53864
8.53864
5.61019
5.61019
5.63782
2.60798
0.799904
-0.228318
-6.12986
-11.9021
-15.3364
-13.9719
-11.9145
-15.4429
-15.695
-10.8123
-9.74538
-8.54123
-7.41471
-3.86007
-7.08477
-4.35874
-4.75623
-3.98182
-13.2486
-5.49569
-7.97037
-5.90278
-3.58819
-6.10529
-5.5939
-1.45039
-0.850033
-1.04107
-1.34635
-1.11956
0.385376
7.01739
8.26089
9.02557
9.24337
8.58887
8.58887
8.28769
8.28769
8.28769
8.28769
8.51747
8.15783
8.53864
5.97234
8.53864
5.61019
2.60798
0.799904
0.150835
-4.13524
-9.45159
-12.3836
-11.3536
-13.1647
-14.4325
-18.4566
-10.8165
-10.1372
-8.72394
-5.6762
-7.45005
-7.16537
-6.53324
-4.69118
-7.31345
-5.48073
-6.63121
-4.19358
-3.57757
-3.36541
-7.1874
-5.49309
-4.87936
-1.34565
-1.04107
-1.10881
1.8067
4.40806
5.51431
7.29108
7.22736
10.496
10.496
9.48318
8.58887
8.51747
8.32577
8.04436
5.97234
5.63782
5.63782
5.63782
5.52305
5.52305
6.2943
4.66825
3.71935
0.0507105
-5.43926
-9.91507
-11.4009
-15.5133
-14.7454
-19.4714
-12.0651
-7.3125
-9.31763
-19.1213
-22.8438
-11.3409
-15.4372
-16.6998
-14.2296
-11.2998
-10.5552
-12.8265
-16.2937
-17.5305
-6.18268
-5.22945
-3.11751
2.34254
-3.36289
4.58136
2.97027
5.00655
5.52731
5.62144
7.02864
11.1884
7.68225
8.24085
6.67718
7.0091
4.15063
6.99805
6.30975
5.81257
6.96922
6.65554
7.75214
8.56133
11.9648
6.30098
0.684678
0.737204
-7.24235
-4.36168
-4.10998
-11.0992
-8.36115
-10.0826
-19.1005
-14.6476
-13.3915
-14.1553
-21.2588
-21.6802
-27.5853
-23.6947
-31.2634
-11.9079
-13.8537
-12.8274
-19.4229
-17.5031
-5.68161
-8.67808
-7.95707
-6.76058
-3.70334
-2.05387
0.0631267
1.39625
5.1163
6.7009
6.61602
6.8049
7.09434
7.15963
7.04727
6.83268
6.75389
6.75389
6.82574
7.37593
8.38061
8.73345
8.06171
7.74225
2.57429
0.710941
-3.7442
-6.39995
-10.8763
-15.3237
-15.3237
-17.3958
-18.6156
-14.9637
-14.5101
-21.7325
-22.9325
-23.0786
-23.991
-21.9266
-21.0385
-14.9833
-16.8633
-7.89123
-17.2229
-27.4424
-12.6586
-21.4241
-10.4898
-10.4435
-13.9903
-16.0568
-7.54775
0.117266
2.26242
3.30512
7.12049
6.76932
6.76932
6.76932
6.72015
6.72015
6.65841
7.54815
7.54815
7.13515
7.57779
8.32785
8.0391
8.26366
8.30267
8.13425
8.09425
7.16806
-3.46422
-12.5431
-11.1368
-16.8633
-17.6997
-7.85831
-13.0618
-10.9637
-11.5319
-9.88881
-13.2395
-15.9561
-11.9282
-14.1002
-13.7847
-10.5319
-8.7501
-17.1674
-6.23862
-5.98206
-9.63772
-10.9046
-1.68982
-6.81941
-6.72562
-4.15731
0.332929
-1.01984
-2.35981
-0.100378
-0.602056
8.02947
8.03834
5.52305
7.15903
6.41408
6.72015
6.57109
7.54815
7.09696
7.09696
7.54815
6.24784
5.91347
5.81829
5.51259
6.05913
-2.53233
-6.08374
-10.5972
-13.3553
-16.8633
-7.86288
-7.85831
-14.5083
-13.6816
-19.4173
-11.1836
-10.2439
-11.8142
-13.9802
-11.7134
-8.06312
-7.05216
-11.7438
-8.43623
-7.97961
-7.95393
-5.24509
-5.69495
-6.95427
-5.10729
-0.738153
3.0735
-2.87426
-3.71082
-1.31977
0.908368
6.30763
8.79234
7.83848
8.11103
6.55544
7.48203
7.5154
7.57103
7.57103
8.58669
8.09886
8.09886
8.58669
8.58669
8.57467
8.56181
6.58526
7.38445
5.59416
-2.3674
-6.43344
-13.9828
-15.4533
-7.03855
-10.3524
-18.2052
-11.6618
-8.62456
-9.26482
-10.8806
-10.1204
-10.0995
-13.9522
-10.1469
-7.79939
-10.4596
-10.7377
-10.6272
-9.17237
-4.28288
-4.39881
-2.9831
1.24793
1.13243
-10.0677
-6.06734
-0.20478
0.808505
-0.100378
8.17096
8.03834
6.17729
6.12215
7.99646
7.77998
8.5226
8.04491
6.78583
7.61904
7.5991
8.42893
8.69595
8.57467
8.93277
5.242
3.55103
0.203969
-3.88901
-10.7797
-13.1989
-14.0713
-10.9402
-14.8319
-19.552
-12.7335
-11.643
-10.6501
-14.4172
-22.7762
-10.3602
-11.4229
-8.03332
-10.5543
-11.0539
-9.34221
-10.2911
-9.76474
-15.35
-10.8483
-6.17492
-3.14996
-2.91764
-8.86434
-1.04039
-1.17903
-1.27076
6.48215
5.24375
7.99646
7.99646
7.99646
7.99646
7.99646
7.51465
8.26566
8.11103
7.71999
7.71825
8.26566
7.47481
5.57437
7.47481
6.05913
2.79978
0.781895
-0.726091
-9.25537
-11.7703
-14.1973
-11.686
-17.5981
-13.8076
-5.31399
-4.68511
-9.58062
-14.9741
-17.0749
-13.7726
-7.6485
-13.5701
-16.6453
-6.92141
-10.5539
-6.91611
-2.75119
-10.6009
-8.6097
-6.7844
-1.68982
-1.63377
-3.53626
-3.00461
-1.80336
2.04976
2.69428
4.44651
7.99646
7.51465
7.71999
8.11103
7.47481
7.28947
7.47481
7.47481
7.23612
7.47481
7.71999
7.48777
7.75209
7.75209
3.41566
2.05785
-0.0948383
-0.0948383
-0.0948383
-3.70662
2.05785
4.83904
11.8779
11.6203
11.8779
10.3761
9.86392
6.39747
0.00133667
-1.74897
-5.99289
-13.6262
-9.38302
-10.5661
-5.99289
-10.5661
-3.58266
-3.90917
-3.58266
-5.59149
-0.01926
-5.59149
-5.59149
-5.59149
3.41566
3.61104
7.51696
8.73001
8.46487
10.6638
11.5666
11.3197
11.0591
7.90482
11.6517
12.4348
14.2752
10.3322
9.75601
9.43964
11.1835
7.3207
7.72798
2.89444
-0.170951
-0.887247
-1.15502
-7.72977
-12.9072
-12.2613
-13.341
-11.672
-15.8003
-15.2983
-11.1539
-13.6065
-7.15038
-14.3719
-17.3661
-18.7134
-15.9139
-14.6317
-12.7543
-9.34527
-12.5341
-12.733
-9.70808
-12.205
-0.812314
-2.09479
-3.21499
-5.54685
-0.760465
1.69809
3.4072
8.51044
11.8076
10.6465
9.76182
9.26058
8.84288
8.84288
6.71512
6.3663
6.53046
6.47714
8.3958
5.67084
7.03184
7.71703
7.36017
-0.319857
-3.24204
-6.71003
-10.8826
-13.5034
-12.5504
-8.59303
-13.5121
-19.8219
-18.9011
-14.8066
-17.7097
-22.5385
-20.7824
-16.1755
-24.1894
-17.907
-26.2863
-13.1204
-14.0002
-0.0628683
9.97634
6.69121
4.76784
3.33737
11.867
4.63807
-4.94725
1.0933
6.0847
7.41305
5.35445
13.123
8.85634
8.67572
8.80248
8.91629
8.91629
8.75538
8.52542
8.52542
8.16082
8.48672
8.36467
8.38792
8.11027
8.13338
7.91265
3.3472
2.35383
0.379096
-1.7065
-5.73295
-6.791
-12.7288
-15.1951
-13.4314
-4.1645
-6.63691
-23.4778
-18.0534
-17.6896
-23.0814
-15.0931
0.593273
-18.1902
-14.7436
-26.4446
-22.9027
-16.0481
-3.25616
-5.85179
11.1252
2.44262
-4.7726
-2.78023
-5.6175
-5.52877
3.05958
3.96461
9.26758
8.7396
8.7396
9.0408
8.85358
8.7396
8.68847
8.79772
8.78921
8.78921
8.69842
8.93892
8.93892
8.79326
8.65245
7.83801
5.52877
-5.82937
-7.16969
-2.09714
-3.88712
-5.08037
-15.1715
-16.174
-21.5497
-19.7029
-19.3471
-22.3344
-26.1379
-13.3372
-19.2844
-4.29387
-0.657776
-4.47597
-2.76344
-6.78638
-6.22956
-10.7584
-7.09189
-10.289
-14.4786
-13.3521
-7.27381
-6.29472
-4.33393
-6.29472
-0.0628683
2.34078
9.83193
9.53397
8.76557
9.37711
9.57517
9.65928
9.78041
9.76751
9.76751
9.65841
9.98362
9.98362
9.80609
9.80609
9.80609
5.72957
0.957418
-5.07675
-7.17454
-6.27492
-8.90131
4.73125
-8.29959
-9.98471
-16.4843
-8.7561
-14.0457
-10.9181
-10.0493
-6.51724
-9.65144
-6.29472
-1.29335
-1.66444
-6.29004
-5.29031
-11.4372
-5.29031
-6.29004
-9.50804
-11.6667
-11.65
-1.2421
-0.0628683
-1.2421
1.70538
1.23275
1.59114
9.14435
9.94126
9.53397
8.76557
9.53397
9.37711
9.37711
9.37711
9.37711
10.0768
9.57517
9.78285
9.78041
9.78041
9.78041
9.46971
9.29548
5.40577
5.61124
5.00377
2.15577
0.721099
-5.17811
-14.0159
-10.616
-18.5576
-19.2884
-16.0591
-18.1807
-15.2111
-13.9038
-16.0593
-6.57801
-18.1659
-16.5695
-14.051
-13.77
-8.95745
-10.1628
4.78556
-11.4389
-4.83022
6.47671
-1.44708
1.35983
-1.02954
0.537396
2.71064
7.98449
8.9665
9.83193
10.1829
9.80247
9.54261
9.46924
10.0032
10.1142
10.1142
9.46924
10.029
8.55411
8.56498
10.2352
2.18782
-0.354916
-2.34051
-6.93002
-9.30206
-10.8988
-9.30465
-7.58292
-18.7075
-15.8877
-17.4272
-13.0599
-11.7232
-16.5549
-13.8048
-10.171
-8.71359
-13.2311
-13.3553
-6.21007
-11.9273
-11.5778
-8.81877
-6.93075
-6.79744
-5.42272
-8.78996
-4.59443
-1.60541
2.47066
0.191007
3.20414
8.9665
10.5511
9.85826
9.85826
10.1829
10.1829
10.1829
10.6386
9.42478
9.42478
9.42478
9.42478
9.42478
12.7717
9.42478
8.75252
9.1096
9.68295
4.56577
1.50106
-6.34373
-2.93311
-10.0022
-9.12679
-19.7427
-17.9851
-21.0643
-15.2452
-18.5479
-17.1426
-12.3614
-18.5078
-20.1572
-14.3158
-16.7729
-9.41134
-8.54007
-8.17684
-8.31852
-7.61156
-6.74844
0.354596
4.94128
2.29262
-2.61763
2.32345
4.5254
2.88895
4.98271
5.50479
5.95675
15.4937
10.5511
5.10558
9.42478
8.75252
9.42478
9.42478
9.42478
8.75252
9.1096
6.39404
9.23014
8.85323
5.76119
2.48856
1.89801
0.456197
-1.59969
-10.4151
-13.5081
-18.1721
-11.2979
-16.7926
-29.3874
-14.5124
-7.65216
-29.5233
-16.743
-22.1319
-17.4535
-18.3717
-18.9633
-9.78825
-6.21529
-3.07417
2.13593
-8.48727
-3.3312
-2.54708
-8.86417
-0.715054
-0.705739
-0.228049
-0.0538823
1.65952
4.12656
6.0635
10.895
7.05821
9.95339
7.48614
7.48614
7.48614
8.03669
2.32725
14.027
9.77715
10.7275
6.17499
10.1488
8.08554
6.73806
7.76051
14.7108
5.27318
10.1777
4.7167
4.20267
1.94595
2.12868
-1.79284
-2.22227
-5.03024
-8.96791
-11.2776
-2.21855
-8.04626
-6.41189
-5.18135
-7.91402
-10.8183
-4.04832
-8.76538
0.0180593
-6.71627
-7.24802
-7.36147
-3.41987
-5.5272
-5.32969
-2.77534
1.55725
1.72053
6.19322
7.62639
7.90038
8.00545
7.95684
7.99932
8.02893
8.00939
7.98668
8.14042
8.51126
8.49598
8.26315
8.35178
8.19443
7.92532
8.15954
8.25822
6.28669
-3.20991
-7.15287
-7.38122
-2.3002
-2.61759
-7.11431
-7.57564
-7.34755
-14.7197
-23.6227
-32.7995
-28.4402
-18.2867
-33.3775
-15.9001
-18.8975
-16.4964
-4.36725
-14.5173
-17.7136
-12.8544
-13.6118
-8.14268
-4.68416
-11.1181
-0.683634
-5.57205
-5.02829
-0.116427
3.40971
7.67032
8.02097
8.02097
7.9791
7.9791
7.93796
8.04101
8.3443
8.4274
8.45575
8.45575
8.51317
8.3998
8.39258
7.8646
5.00551
3.34275
-4.92603
-7.29131
-2.91455
-12.1284
-9.34778
-16.2043
-9.6189
-18.1189
-15.3176
-11.2258
-11.8656
-14.8839
-9.54709
-18.9099
-22.3694
-19.9896
-23.1359
-21.1899
-28.0335
-0.200813
-2.13928
-2.53533
-3.98067
-0.601735
2.18545
3.439
4.41575
5.04356
3.1519
5.4571
5.09553
5.33143
9.31483
5.63322
6.69291
5.84412
9.22392
2.38934
5.94362
7.70805
7.78455
7.78455
8.02125
8.00802
7.97426
7.40702
8.28238
5.14947
0.350197
-0.877514
-0.991795
0.554909
-1.79934
1.50663
-0.980314
-8.33289
-16.9365
-16.1219
-16.5419
-18.284
-1.55637
-1.41126
-9.39673
-13.6494
-23.635
-8.44069
-3.97274
-16.8006
-8.63719
-8.48545
-2.08121
-1.39013
-2.84417
-3.88706
-4.83712
3.42802
7.3117
0.830099
7.01521
10.5511
8.26021
13.4278
8.19773
7.36615
7.15431
7.1826
7.00526
7.00526
7.03184
7.00526
7.00526
7.00526
7.44993
7.8487
7.91805
7.93177
7.87699
7.78829
6.73376
5.20544
0.961728
4.05375
-1.67264
-3.53272
-4.78408
-2.16625
-5.12153
-8.45917
-8.76602
-7.71708
-8.69947
-12.7281
-8.69917
-8.80118
-7.71662
-3.55228
-14.9064
-4.85471
-0.783377
-2.48131
0.399118
1.04025
3.07813
4.84703
7.61079
7.91805
7.96531
7.86489
7.9791
7.9791
7.9791
7.9791
7.9791
7.9791
7.9791
7.9791
7.9791
7.9791
7.93796
7.9791
7.93796
11.9985
9.10088
7.76205
7.79919
7.78829
6.10033
5.00608
5.69399
5.1403
0.328162
-7.70163
-1.13435
-3.32581
-3.96327
-8.76602
-20.7915
-23.7046
-12.7281
-5.4788
-0.849848
-10.3087
-12.7281
-12.9508
-3.79673
-8.75588
-8.13157
-9.35628
-7.66516
-1.79413
-0.238261
0.862375
-0.178311
1.73253
6.71382
7.63361
7.9464
7.97426
7.93716
7.97741
7.98333
8.02097
8.02097
8.02097
7.9791
7.9791
7.9791
7.9791
7.9791
7.85025
9.81484
3.62663
-2.75676
-7.70163
-10.3174
-11.8586
-3.78653
-9.27682
-12.5828
-15.1474
-15.2759
-15.198
-15.3726
-14.658
-16.2397
-25.8449
-21.8351
-15.0039
-21.0296
-21.346
-22.5952
-16.7981
-16.7856
-8.79487
-4.98919
-4.65483
-5.05318
-3.36975
-2.68459
-0.49766
5.06838
3.06689
7.01468
4.84743
7.83044
7.19891
7.47517
7.9136
7.92288
7.72251
7.23675
8.05734
7.94545
9.25126
7.86347
8.21398
8.54299
8.13472
8.28542
4.04172
6.94365
3.26207
2.56352
4.51195
-1.90982
1.83777
1.0171
-4.05045
-6.31536
-11.0452
-10.0147
-9.50246
-3.90451
-4.05202
-3.13874
-6.77445
-8.03317
-5.50142
-1.87502
-0.552498
-1.80518
2.68689
0.140367
4.78211
1.25752
1.41092
5.98127
5.12644
6.45574
9.19289
7.27618
6.24298
9.46106
8.38701
9.48644
9.09465
7.28644
8.18499
9.54443
10.7265
4.60652
6.29978
5.78937
9.09569
7.47461
9.1255
9.1634
8.69734
7.00648
6.40478
6.60057
3.99591
0.273615
3.89527
-0.794821
1.67775
3.62039
-8.04201
-9.30725
-10.4345
-5.97218
-8.77476
-11.2952
-16.3941
-10.9274
-14.3357
-16.6201
-9.91458
-11.0112
-10.4935
-2.88964
-5.50238
-5.39057
4.27265
3.18139
0.0844153
3.88006
4.48866
8.12029
8.54273
9.059
9.26156
9.33753
9.26156
9.33753
9.33753
9.10705
9.10705
9.10705
9.10705
9.10705
9.10705
9.10705
8.98465
8.87945
8.86183
11.9292
6.52001
3.70376
5.32805
-2.80698
-1.61774
-1.57276
8.25898
1.6484
-0.900154
-15.5497
-2.07587
-0.183626
-7.03079
-0.619204
-18.5766
-6.28383
-9.72185
-10.3231
-18.9989
-11.4263
-4.99583
-7.65659
-7.65659
-2.53129
-1.86157
-0.297959
0.15308
-1.30879
-0.647501
5.61036
10.2576
9.46482
8.47647
8.55001
9.01081
8.80997
9.1233
9.01081
9.26606
8.84805
9.44486
9.38467
10.075
9.84228
9.90316
9.1587
3.75841
-2.18921
-7.37402
-11.9002
-11.8724
-9.70743
-8.99708
-14.5369
-15.5689
-15.883
-13.2853
-11.2342
-12.8886
-13.8723
-16.4378
-12.0985
-7.5775
-10.9938
-10.281
-8.80264
-7.58939
-5.0111
-4.19425
-6.48941
-4.33574
-4.45743
-3.77799
-3.00414
-2.35056
-3.51602
2.9126
9.3694
9.90271
10.1168
10.0492
10.0492
10.0492
10.0492
10.0492
10.2212
6.72287
6.72287
6.72287
6.97512
8.96239
8.92854
9.27758
7.35213
3.11169
-0.157183
-0.638134
-9.96854
-11.0103
-12.8285
-13.5738
-13.8195
-15.2049
-16.5899
-11.584
-14.0942
-14.0185
-0.835118
-11.8971
-0.200936
-0.24388
-15.6156
-14.0875
-10.1185
-19.0234
-18.0354
-14.6801
-3.55065
-14.8562
-15.1755
-0.167918
5.6513
0.314538
-0.929179
5.09478
7.32469
9.80472
9.90991
9.90991
9.90991
9.90991
9.30234
9.62915
10.4261
10.4261
10.4261
10.8322
10.0681
9.77384
9.8763
9.82045
9.48937
8.05243
7.19224
0.348707
-14.5812
-14.6407
-13.3779
-8.86675
-13.2917
-13.1307
-18.8773
-14.419
-13.6789
-18.7158
-16.6832
-11.6541
-13.5732
-9.75401
-9.19172
-10.2558
-1.21704
-16.1145
-14.1471
-0.658844
-0.707744
-0.972331
0.35689
-0.78708
-0.78708
0.35689
0.303631
8.52525
6.56418
9.80472
9.90991
9.90991
9.90991
9.90991
9.90991
9.59742
9.30234
9.30234
8.73563
9.37579
9.09066
9.07545
9.20757
10.0807
10.0039
7.4923
0.459305
-4.37182
-12.1036
-10.5629
-15.7501
-8.945
-11.6856
-13.2091
-15.9628
-15.8821
-10.1797
-10.0312
-6.32991
-4.33829
-14.4905
-11.4213
-12.9907
-8.21992
-6.63335
-3.19959
-15.5808
-7.79525
-3.87896
-7.87852
-7.21006
5.70193
5.42979
8.18756
4.83564
10.5992
9.17358
8.61587
13.2556
16.284
16.284
13.4302
11.8818
16.284
16.284
16.284
16.284
16.284
16.284
14.2714
16.284
16.284
18.2966
16.284
16.284
16.284
7.08607
2.1119
6.28816
-1.43562
-2.95306
-11.3123
-16.6253
-12.3005
-8.69499
-12.2852
-16.109
-14.1275
-19.64
-9.27662
-20.8284
-4.26681
-7.81233
-7.99486
-8.37047
-1.85092
1.09928
-0.477212
-12.5077
-4.46273
2.22234
3.04203
0.427689
7.04063
6.92172
12.4691
10.8108
10.8222
10.8779
10.927
14.1377
14.5764
17.9403
11.3625
15.8019
11.9253
9.61473
18.3714
11.0504
11.9041
12.5266
14.1407
17.1674
13.3638
11.7215
1.77573
-3.5289
-13.5318
-10.725
-7.13379
-7.72596
-10.3188
-15.8301
-17.692
-18.3274
-18.5385
-8.3883
-24.0841
-21.084
-15.0691
-9.60504
-4.7807
-9.32354
-11.25
-14.5119
-10.8877
-11.1262
-8.80917
-1.70621
-6.35204
3.50358
8.16592
14.4842
13.444
13.545
13.545
13.545
13.545
13.545
13.3397
13.3418
13.3498
13.2791
13.2565
13.2008
13.1182
9.07223
13.5824
9.47362
12.9781
10.8935
0.64315
-3.64351
-5.44544
-5.19055
-13.171
-9.92586
-14.4292
-11.3039
-16.5759
-15.4392
-10.3404
-18.828
-16.5799
-24.3165
-17.1719
-13.7324
-16.7451
-11.055
-2.92545
-15.2562
-12.9869
-12.0449
-5.36706
-9.12067
-5.57307
-5.9308
-2.33941
1.02577
6.92076
12.7327
13.0376
13.2491
12.9771
12.9689
12.9689
12.9689
13.0693
13.0379
13.1268
13.1095
13.06
12.9334
12.8794
12.5794
12.6188
12.6344
12.4221
10.4346
9.47707
5.81528
-0.489431
-4.07583
-3.02705
-4.68252
-10.8928
-19.9893
-30.0714
-20.2118
-19.2464
-24.5727
-29.4232
-13.9638
-31.2139
-21.0864
-24.4651
-17.4677
-21.3949
-9.93659
-4.65676
9.88639
9.89828
9.89828
14.5931
11.7728
11.9036
11.8123
11.3698
7.34361
11.0779
11.1811
11.8029
11.4475
11.6033
11.7252
11.6823
11.4926
11.5784
11.2915
11.1771
11.4071
11.2822
11.1988
11.1988
11.1018
10.9998
10.7972
8.88062
7.43816
6.15387
1.197
-2.57921
-2.91617
-2.58835
-2.06091
-2.94391
-4.71736
-2.49848
-8.48238
-13.6281
-12.9559
-11.4848
-14.7726
-20.42
-10.0375
-15.2203
-15.4286
-15.3825
-11.4168
-3.18964
-6.84466
-6.31942
0.161437
-2.1296
8.20281
9.88639
9.83445
8.05974
7.79111
7.42153
16.284
16.284
16.284
16.284
12.2703
12.2703
12.5044
12.5044
11.3624
11.3624
10.209
10.209
10.3916
8.32514
4.78771
-1.65135
-4.08828
-9.42724
-12.0265
-12.7364
-12.8309
-17.4612
-4.41083
-12.2193
-7.76694
-16.829
-11.7769
-16.3134
-12.1395
-26.4817
-17.8031
-10.0293
-13.2638
-15.5184
-15.2043
-11.856
-13.2638
-10.7649
-6.62429
-3.80708
4.76321
-1.03863
6.80526
9.311
10.8954
11.2443
11.1516
11.1516
11.1516
11.1516
11.1516
8.81202
9.08704
9.92252
12.7139
12.7139
10.5961
10.5961
10.5961
10.5961
11.1183
5.49917
1.62707
3.08601
1.59955
-15.0014
-6.84214
-11.304
-7.39731
-14.481
-16.5455
-12.6754
-18.0116
-12.2679
-23.1241
-14.08
-13.2747
-19.5083
-14.0649
-17.3962
-12.9722
-15.6688
1.57855
-9.60832
-13.4536
-9.54915
5.22294
-0.975366
1.67801
-4.69015
-2.49406
8.8924
11.2443
11.0601
11.0601
11.0601
11.0601
11.0601
11.0601
11.0601
13.6159
9.68831
12.7139
12.7139
12.7139
8.51523
9.45357
8.72391
7.74006
7.41548
6.56897
6.21282
3.97146
1.97237
-16.0074
-16.1722
-14.9405
-9.52785
-13.2394
-9.26074
-16.6115
-29.3793
-13.9897
9.48088
1.07692
-2.66978
-3.21013
0.651427
0.651427
-0.565134
1.95671
3.89791
-0.0683753
1.35723
3.62985
1.07692
3.06166
2.49347
7.90428
10.2748
10.4353
8.18351
6.90061
6.36905
6.36905
7.50869
7.94836
7.90143
7.8504
7.8504
8.87699
8.84823
9.1203
8.98524
9.34786
10.0237
10.1757
7.82698
7.68352
5.60071
-6.27737
-7.51682
1.31417
-8.527
-13.6146
-12.6737
-12.6134
-13.6501
-15.6652
-8.23286
-12.5103
-9.47794
-11.1538
-9.22229
-20.0033
-3.32185
-15.1389
-15.8528
0.958042
-7.84891
-10.5358
-4.4289
10.9924
-6.85219
-7.95556
2.85008
6.91497
6.51539
9.84171
9.93221
10.0779
10.0779
10.0551
10.18
10.2607
13.3745
13.4863
12.0069
12.8267
12.0869
11.3822
13.8976
12.644
15.6793
10.7771
6.6431
14.8876
5.76937
8.52515
3.55194
5.85356
4.63733
-1.96983
-7.86278
-6.70255
-8.00154
-11.1912
-16.175
-23.3667
-17.8707
-2.1047
-20.7483
-24.2216
-15.5012
-16.1171
-14.268
-3.62122
-5.46398
-6.55918
-9.08953
-2.82785
0.306384
9.58783
4.58909
6.3363
13.2069
9.53922
9.84559
9.77934
9.6332
9.6884
9.93221
15.8809
12.1275
15.7947
12.5737
11.476
8.75505
11.0429
5.38264
13.9957
16.8163
8.73855
7.26123
9.69805
9.7816
7.04254
6.23118
7.81855
7.9856
7.56195
4.46222
-1.99509
-5.4208
-6.5222
-6.03162
-13.0416
-19.4618
-21.9546
-20.6672
-23.1096
-15.1439
-8.74224
-14.2841
-21.4759
-8.29304
-10.9861
-12.8141
-6.63875
-5.25396
-2.06466
-0.395824
3.40558
4.2428
6.79412
7.00539
12.6836
6.46611
8.91439
6.57547
8.56393
5.05055
6.98207
7.44547
4.51842
5.99409
4.66337
6.69195
10.3103
10.3899
10.5558
8.05664
8.59734
7.56195
1.7847
-5.31532
-13.4154
-12.5041
-11.6617
-15.1518
-15.6957
-17.0184
-20.7039
-15.0336
-13.4145
-28.8578
-25.9777
-17.3754
-13.7053
-25.0667
-14.2074
-19.0506
-14.2932
-4.46714
-8.6693
-1.03052
-3.30962
-10.1232
-2.72573
0.009725
4.59251
7.10167
7.8504
7.8504
7.90143
8.91538
8.97182
9.08236
9.09703
9.02066
9.24852
9.6332
9.93221
9.93221
9.93221
9.93221
9.98738
10.0779
10.0779
8.73063
7.43774
1.37718
-5.54282
-4.89874
-9.7234
-1.84218
-7.05925
-12.0336
-17.278
-16.4457
-16.7352
-21.0138
-21.8118
-18.4181
-18.408
-15.875
-18.1733
-16.5531
-12.9557
-18.8942
-8.2656
-16.1134
-3.53279
-2.74886
-6.01296
-5.61862
-4.58985
-4.05466
5.80742
11.0293
9.63149
8.18351
6.90061
7.62697
8.4241
8.54518
8.40269
8.40269
5.57364
8.2837
9.15697
9.21016
8.92439
9.25878
9.14024
9.52899
9.82619
9.5022
7.45885
-0.420019
0.996316
-3.53389
-4.34889
-10.8876
-13.1833
-14.9707
-10.2189
-21.4135
-25.0655
-17.7624
-14.8374
-17.9956
-8.66466
-12.8551
-9.97566
-11.4298
-16.2364
-17.6762
-10.0213
-6.75572
-5.65394
-10.8974
-4.87994
-6.64086
-3.54141
-3.60937
-1.37875
10.9554
11.1396
9.80886
9.80886
11.0599
9.13902
8.4252
8.59117
8.04763
7.82994
8.22598
8.229
8.35492
5.94789
8.229
8.19382
8.19382
7.32985
8.75105
2.65132
3.81307
1.25658
0.294487
-0.685768
-7.3475
-11.4672
-16.3849
-11.6283
-17.2762
-13.191
-13.3615
-15.0452
-14.2228
-20.639
-23.3991
-15.2696
-18.821
-18.5476
-17.4084
-13.7056
-11.673
-6.93502
-2.49406
3.99258
4.27908
2.23668
5.96817
7.41704
9.5407
13.3151
9.80886
9.80886
9.80886
9.80886
11.0599
11.0599
9.13902
9.12376
8.59117
8.59117
8.59117
8.59117
8.04763
8.04763
8.04763
7.82994
7.42826
5.96548
0.343123
-3.45559
-8.26657
-11.4492
-15.566
-8.38668
-7.97254
-2.63703
-7.14068
-7.7525
-8.4037
-10.7809
-12.2855
-7.12977
-7.70102
-10.4069
-7.15678
-9.46395
-7.68594
-5.97604
-7.45535
-4.53119
-3.87915
-6.80315
-2.37037
-3.78494
-2.49406
-1.64105
6.74511
9.25815
9.25815
9.82399
9.80886
9.80886
9.68831
9.12376
8.04763
8.36764
8.27184
8.37842
8.69774
8.69774
8.732
8.73572
8.81554
8.80948
8.62872
6.86421
5.48272
2.22226
0.0424251
-4.24144
-4.82899
-7.81838
-8.46186
-11.6312
-15.0744
-14.1961
-12.9731
-12.9133
-21.9836
-12.5756
-10.7198
-11.7618
-17.278
-11.584
-8.41023
-5.26875
-8.5988
-4.84976
-6.35189
-4.46229
0.31962
3.06166
6.47947
7.90428
9.80886
9.80886
9.80886
9.80886
9.80886
9.80886
11.0599
11.0599
11.0599
9.68831
8.59117
8.59117
8.59117
8.59117
8.59117
7.82994
7.69337
7.58679
7.48914
0.696035
-1.50763
-3.55096
-9.35734
-11.8791
-15.0398
-14.7596
-14.2099
-13.3204
-11.6933
-11.8338
-12.2337
-10.4634
-12.3934
-11.0115
-12.1267
-11.6711
-8.55187
-12.4845
-7.56995
-10.1914
-4.14933
-4.74746
-1.28187
-2.61856
-9.15039
-3.91586
1.63827
5.96817
7.86525
7.88585
12.0533
11.1396
9.80886
9.80886
9.80886
11.0599
9.12376
8.59117
8.59117
8.27834
8.27834
8.11512
7.72348
7.72348
7.76722
7.60169
7.33107
0.483956
-2.79884
-6.9249
-12.288
-12.3988
-17.111
-13.2058
-7.61094
-13.4838
-13.2318
-11.9243
-13.1375
-15.5821
-14.3976
-17.6084
-9.26108
-12.4011
-10.4409
-10.4154
-2.86946
-5.82458
-6.39587
-5.98337
-13.1327
-15.3997
-13.4344
-5.23356
6.47947
7.90428
9.80886
11.0599
9.13902
8.59117
8.59117
8.81446
8.9381
9.19315
8.87839
8.83453
8.78507
8.9497
8.9497
8.85452
8.60145
8.60145
8.60145
8.70593
8.52967
4.73265
-1.06305
-1.54601
-3.51015
-13.8858
-12.44
-15.1131
-16.2722
-16.4833
-13.1574
-12.7367
-10.5494
-10.7106
-10.0799
1.31007
-9.79028
-4.62439
-10.8533
-4.05466
-11.0454
-11.058
3.06166
8.68224
4.96088
0.113585
1.17792
-3.0287
3.3533
5.47234
8.68224
9.00686
8.82446
13.9166
7.82009
7.82009
7.73335
7.6342
7.58023
7.78505
7.80591
9.03219
7.98055
7.98055
9.58699
7.79546
6.08848
6.80941
8.22165
3.3349
4.77189
1.62761
-9.56584
3.82774
-1.60912
-5.17156
-3.81093
-9.26335
-7.1232
-5.6297
-10.4128
-7.41037
-18.5668
-3.1158
-5.99812
-10.7279
-9.27763
-5.74426
-5.35134
-17.4299
-13.9117
-10.7404
-5.51805
-3.33167
-3.46608
2.06419
6.03677
8.22165
8.15448
7.3013
11.6617
10.3574
9.52644
10.468
12.4606
8.78547
8.42442
7.82994
12.3973
8.29969
8.14196
8.50397
9.95971
7.39732
5.35103
7.66602
5.02872
6.70936
7.85823
2.23134
0.54931
-2.94192
0.493128
-5.67487
-7.85956
-6.79773
-8.68548
-6.02052
-6.96034
-9.80423
-10.3973
-10.6154
-8.72713
-6.89993
-5.7001
-11.9611
-8.33087
-7.37673
-8.41716
-3.7343
-4.41321
-2.1959
-3.17931
-0.81148
-1.72061
1.89213
4.19867
8.20469
5.71253
7.66997
8.44111
8.2316
7.12768
8.14196
8.14196
8.14196
8.29969
8.29969
8.29969
8.29969
8.30365
8.30365
8.30365
8.30365
8.41631
8.41631
4.41779
5.24909
2.66952
-0.095187
-0.095187
-9.795
-10.8203
-11.706
-19.3123
-20.4682
-18.594
-16.3392
-4.28438
-13.1845
-24.7365
-17.8477
-10.7801
-15.9886
-10.7925
-17.6655
-22.2442
-14.2421
-11.6031
-5.71511
-14.8681
-1.81493
4.09303
5.07402
8.09261
8.14196
8.14196
8.14196
8.29969
8.30365
8.30365
8.30365
8.30365
8.41631
8.45023
8.45023
8.50813
8.34216
8.3483
8.23012
8.29902
7.23802
6.23721
8.51511
-0.645784
-10.3076
-13.2346
-12.1804
-13.3079
-14.8763
-15.1917
-16.2964
-7.92423
-15.7587
-15.5202
-16.022
-15.9886
-17.4472
-19.9591
-13.9314
-16.1809
-17.3088
-20.9166
-12.8544
-14.0238
-17.2403
-8.71431
-4.22195
-4.54879
-2.06192
-1.53232
6.61543
8.21988
7.97772
7.93121
7.85208
8.21963
8.28935
8.21963
8.21916
8.23415
8.21916
8.23415
8.20565
8.20565
8.23415
8.23415
8.15448
8.02103
8.09261
8.14196
8.14196
3.44435
2.17125
0.684022
-4.49983
-4.37812
-7.28028
-14.0592
-10.7025
-13.5422
-16.7773
-17.1606
-21.9696
-15.1325
-11.743
-17.1193
-15.562
-20.457
-17.28
-6.82793
3.09237
-2.4182
4.64479
-0.703744
-1.53232
-1.53232
6.61543
4.64479
5.041
8.15445
8.21988
8.01093
8.01093
8.01093
7.96024
7.91328
7.91328
7.85208
7.90563
7.85208
7.85208
7.90563
7.90563
7.90563
7.90563
7.90563
7.90563
7.90563
7.90563
6.61543
-3.71742
-5.978
-8.90709
-9.64741
-16.888
-7.71936
-10.2384
-7.66064
-13.3219
-16.9214
-9.55456
-12.1314
-15.4674
-15.0171
-8.66732
-11.6063
-7.12067
-9.01709
-5.90964
-9.80573
-10.2624
-5.94534
-3.25598
5.96817
4.54205
-3.11425
4.0123
11.8463
10.1295
9.37058
9.37058
10.3775
12.7768
11.7437
7.48497
8.26434
8.09262
11.4192
9.77276
9.77276
4.8055
9.77276
9.77276
9.77276
9.77276
9.46574
9.26141
5.54366
-2.60862
-4.43003
-0.160988
-6.50847
-8.68878
-13.3576
-7.58974
-19.0588
-13.7391
-8.01905
-5.94814
-1.45955
-11.7081
-14.9894
-10.8649
-7.3104
-13.8275
-4.4981
-4.51645
-3.83995
-4.74403
-1.18639
-4.28886
-0.209027
-1.90336
-1.45955
4.94694
9.87569
9.87569
9.87569
8.87348
8.35857
7.57824
7.57824
7.41669
7.65021
7.39503
7.17825
7.62786
7.79935
8.39203
7.65038
7.43195
8.23395
8.29093
8.14196
4.49302
-2.04737
-7.60079
-10.1692
-13.5717
-16.944
-16.4381
-15.5462
-18.2195
-11.9549
-20.4378
-18.8685
-10.8791
-12.9122
-10.9732
-17.7348
-0.697709
-9.78981
-8.2719
-8.19282
-6.69786
-2.96521
-3.40643
-2.60708
-2.46633
-1.89691
-2.13375
-1.05619
1.1493
3.65748
8.46528
8.36539
8.30114
8.26029
8.18416
8.03143
8.00351
7.98732
7.99361
7.81013
7.81013
8.11235
8.21428
7.38471
7.35205
7.23596
6.43576
6.56677
5.80872
5.39674
4.5295
3.49993
-0.33901
-9.44489
-8.51583
-13.3243
-13.4625
-12.1017
-12.1017
-13.6056
-10.8791
-12.8518
-12.1676
-11.7
-10.8649
-9.78981
-8.2719
-8.19282
-6.69786
-2.96521
-3.40643
-2.60708
-2.46633
-1.89691
-2.13375
-1.05619
-1.85914
5.29517
6.89098
8.06258
11.5771
11.6327
10.5957
10.1295
9.67249
9.40097
8.81528
9.25872
8.10577
8.11235
8.21428
7.38471
7.35205
7.23596
6.43576
6.56677
5.80872
5.39674
4.5295
3.49993
-0.33901
-2.65316
-8.51583
-13.3243
-13.4625
-12.1017
-12.1017
-13.6056
-10.8791
-15.3789
-14.905
-14.3796
-14.4426
-13.6858
-12.5026
-12.7214
-11.1406
-2.96521
-3.40643
-2.60708
-2.46633
-1.89691
-2.13375
-1.05619
3.36535
5.29517
6.25228
7.57475
11.5771
11.6327
10.5957
10.1295
9.67249
9.40097
8.81528
9.25872
8.10577
8.11235
6.51059
6.90258
6.97093
7.46185
7.40514
7.50028
6.78366
6.76364
5.64345
4.8251
1.98736
-0.361082
-8.51583
-10.4534
-11.5847
-11.7779
-11.8934
-11.9322
-11.5285
-10.828
-9.37071
-9.02848
-9.52758
-9.12612
-8.69002
-8.42272
-6.45904
-3.80439
-2.45221
-1.88215
-2.09242
-0.747747
0.652743
2.8171
3.67029
5.06371
3.92558
5.94106
9.07041
11.6327
10.5957
10.1295
9.67249
9.40097
8.81528
9.25872
8.10577
8.11235
5.45572
6.30229
6.30037
7.84313
8.37979
8.19857
7.41575
10.3866
10.3866
10.3866
6.19761
0.753905
-5.31101
-7.55194
-8.90604
-9.7045
-9.59784
-9.8515
-9.69655
-9.18649
-8.86777
-9.12064
-8.9042
-8.59031
-7.69923
-7.04819
-6.01101
-4.06124
-2.66876
-2.09364
-1.06861
0.124651
1.41841
3.47726
4.18825
5.06371
3.92558
5.94106
9.07041
11.6327
10.5957
10.1295
9.67249
9.40097
8.81528
9.25872
8.10577
8.11235
6.98477
7.81507
7.90316
9.04144
9.68297
10.058
9.31598
10.3866
10.3866
10.3866
6.19761
3.57833
-3.47707
-7.6724
-9.41872
-9.97816
-9.93894
-10.3587
-10.0426
-8.94727
-8.85192
-8.67972
-8.99421
-9.01782
-9.68437
-9.49988
-9.44872
-6.59724
-4.84006
-3.54043
-1.44271
1.17472
2.08618
3.47726
4.18825
5.06371
3.92558
3.72284
12.7038
14.0496
12.7409
11.9674
11.8496
10.9729
7.10306
7.36252
6.46419
6.18766
5.58576
6.60165
6.59934
7.84313
8.37979
8.8287
7.91542
8.73323
7.79154
7.15977
5.85338
4.74891
1.42441
-1.0114
-3.69887
-7.45306
-5.4631
-5.66732
-5.5729
-4.90471
-4.05409
-3.53696
-2.8512
-2.06986
-0.696945
0.650902
-0.386493
-0.20304
0.202043
0.202043
0.202943
3.35308
4.74214
5.3993
5.06371
5.06371
3.92558
3.72284
9.55843
10.4012
9.5307
9.30738
9.51042
8.86603
7.10306
7.36252
6.46419
6.18766
5.58576
6.60165
6.59934
7.84313
8.37979
8.8287
7.91542
10.3866
10.3866
10.3866
6.19761
3.57833
-2.10618
-3.92514
-6.07509
-7.45306
-5.4631
-5.66732
-5.5729
-4.90471
-4.05409
-3.53696
-2.8512
-2.06986
-0.696945
0.650902
-0.386493
-0.20304
0.202043
0.202043
0.202943
3.35308
4.74214
5.3993
5.06371
5.06371
3.92558
3.72284
13.1545
15.8624
15.6012
14.3156
13.9412
11.7635
9.13287
8.44055
8.16944
7.52383
7.22691
8.11603
8.24734
9.04144
9.68297
10.058
9.31598
10.3866
10.3866
10.3866
6.19761
3.57833
-2.10618
-3.92514
-6.07509
-7.45306
-5.4631
-5.66732
-5.5729
-4.90471
-4.05409
-3.53696
-2.8512
-2.06986
-0.696945
0.650902
-0.386493
-0.20304
0.202043
0.202043
0.202943
3.35308
4.74214
5.3993
5.06371
5.06371
3.92558
3.72284
13.1545
8.57635
8.49567
8.43763
8.37493
8.30142
8.2438
8.19977
8.13182
8.06979
8.01879
7.95154
7.91633
7.87261
7.8341
7.76701
7.91542
10.3866
10.3866
10.3866
6.19761
3.57833
-2.10618
-3.92514
-7.43575
-7.57766
-8.15667
-6.74945
-1.48318
-6.27998
-5.19522
-4.8157
-2.49635
1.10246
4.91703
5.9843
5.11334
0.199343
-0.972328
0.163866
1.41729
6.65462
6.79994
8.47808
4.33106
3.38875
4.05693
6.94886
6.94886
6.94886
6.94886
6.94886
6.94886
6.94886
6.94886
6.94886
6.94886
6.94886
6.84121
6.84121
6.84121
6.84121
6.84121
6.84121
6.74928
10.9668
6.6934
9.80633
4.47739
3.74942
2.58889
-1.66024
-7.24718
-9.38203
-12.5933
-5.21472
-6.23318
-10.9762
-12.8046
-10.1207
-11.7737
-12.3703
-9.89966
-11.1515
-3.86954
-7.62502
-1.11212
1.32281
4.31735
1.87173
6.77807
6.6214
6.85667
6.94886
6.94886
6.84121
6.87366
6.87366
6.87366
6.87366
6.79038
6.84674
6.92643
7.00846
6.95454
7.02417
7.02417
7.24054
7.27194
7.41752
7.24054
6.95454
6.79356
6.79356
6.76384
6.69493
4.51985
1.62351
-1.93209
-4.65292
-10.5681
-11.3577
-15.41
-13.5163
-13.2727
-14.6554
-16.426
-7.39401
-15.2546
-14.6434
-17.4206
-14.5634
-16.7751
-14.3149
-12.2479
-4.86669
-3.96699
-0.0545213
6.28189
6.83988
6.8179
6.98758
6.96065
6.97897
6.97897
6.97897
6.87366
6.87366
6.87366
6.87366
6.87366
8.19785
6.00827
7.88145
3.76917
5.08154
5.18839
11.0877
7.86991
9.98811
7.76483
5.29486
5.60798
11.7037
3.39626
3.34243
4.52808
4.28581
2.16127
2.62669
1.53104
0.462004
-6.43526
-5.22979
-9.75575
-14.4359
-9.97834
-19.1838
-9.12518
-3.85083
-3.82058
-3.97586
-5.20405
-3.50706
10.5737
10.7919
10.9091
10.3002
9.83929
9.2286
8.06198
6.83406
6.96381
7.02764
6.90216
7.05809
6.98443
7.01852
6.98443
6.98443
7.01852
7.01852
7.01852
7.01852
7.01852
7.01852
7.01852
7.01852
6.92962
6.89464
6.90887
6.80593
3.69622
2.87017
-0.583221
-6.617
-6.32716
-8.84819
-3.29799
-3.61707
-6.50288
-1.09652
-7.1751
-5.31325
-5.55686
-6.60657
-1.29569
-3.14322
-3.56947
5.80459
0.747028
-3.56947
2.02636
5.80459
5.80459
8.69003
9.50317
8.69003
12.1661
16.646
18.1723
9.81529
14.7311
13.9001
7.91961
