31.299
20.0302
26.1046
14.5644
16.2776
30.6448
24.7779
26.0877
12.6119
-4.90082
6.00939
19.8081
13.9385
32.7748
12.4194
40.1302
48.4165
57.466
45.0092
38.7892
31.0642
45.3828
56.4406
94.0188
113.732
145.613
93.4393
144.694
174.014
116.604
107.683
151.026
139.337
44.96
276.665
124.759
169.643
142.62
131.905
234.031
148.558
60.0069
83.5622
58.1043
24.2482
23.0035
18.3216
17.1368
12.4763
39.8305
37.1993
47.8786
30.9503
40.8777
34.4666
33.045
49.1409
37.0713
42.2589
49.3746
62.7233
70.7599
60.7191
96.9798
96.5307
113.598
146.346
123.577
137.669
158.587
96.6388
124.535
205.195
114.202
156.182
207.998
333.334
187.932
134.783
157.013
162.987
57.2593
134.083
56.5759
74.9499
37.4871
57.7908
40.8756
39.7688
34.9416
29.1695
31.4706
10.2971
24.2311
27.1549
23.4885
30.705
17.1242
19.9365
14.1892
5.86704
7.80252
21.4252
13.2824
10.5072
11.8181
-8.91359
7.63701
12.8017
13.9308
44.6475
14.8753
29.5736
20.7267
21.7542
30.3141
21.7028
4.90868
13.3555
23.7502
43.5567
42.2802
31.3627
11.1007
59.6991
16.9292
12.6963
7.81668
4.69702
10.8196
16.1854
5.03839
15.312
7.62382
12.9785
19.1066
10.3737
3.76434
4.5548
-0.195602
-0.672502
-0.159757
-0.391074
-1.21688
-0.528016
0.450154
0.616672
-0.38388
-0.625564
2.24047
0.330549
0.821935
11.3634
-1.23668
1.17431
-2.48414
9.58312
-3.30952
1.94543
5.19165
1.73029
10.2343
16.5085
23.5216
21.4182
32.8884
36.5903
35.2077
73.6097
120.932
78.2544
195.181
186.124
97.5245
178.723
280.954
210.016
380.143
474.029
250.637
265.858
192.639
221.776
37.1135
67.0555
21.5672
5.77076
-3.64255
2.14014
-8.03689
-1.55395
-1.18437
0.560302
3.59971
-4.71807
-4.66825
-2.59068
-1.28829
-0.400935
-2.04104
-1.16267
5.23498
0.731816
2.34635
5.83895
106.952
24.3702
91.8753
93.9322
82.2662
73.7379
156.663
264.51
275.931
190.201
147.093
158.133
341.413
292.08
213.97
230.253
294.578
449.044
213.619
159.89
115.149
101.144
99.6564
166.975
118.474
44.3846
23.7797
28.8088
41.377
11.5893
2.30962
-2.50187
-3.12125
-3.94699
-1.4256
-1.13788
-1.50483
-1.58151
-3.71325
-0.163183
-2.7118
-3.60966
-1.45545
-3.84096
-1.98175
-3.26453
2.10289
0.669751
12.4719
54.9969
71.6884
17.604
16.2886
104.807
60.441
10.461
134.173
132.895
112.319
42.5484
29.1915
9.67622
54.5078
29.0921
13.808
20.8469
-8.70684
122.884
178.26
201.081
181.352
82.8353
187.419
123.503
59.3224
15.1687
13.5956
8.28541
7.1374
3.52262
-1.1405
1.97804
6.82651
19.4403
-6.33773
-6.25451
6.90502
8.34206
9.4172
4.09625
-0.86016
-3.91326
-1.75091
0.194349
0.653503
62.5649
11.8644
86.5832
158.53
203.587
387.861
499.945
239.744
296.335
288.05
297.806
315.821
306.518
219.239
417.674
315.6
215.801
355.739
98.9928
247.746
218.287
183.749
276.623
156.365
101.084
84.1003
32.8203
56.2416
7.01901
25.3862
52.6853
35.9718
19.4977
54.3335
70.0479
48.2631
16.8979
9.28532
9.83098
17.7955
14.2817
15.6903
9.66938
4.97725
7.93405
6.6145
7.90927
9.95607
13.1581
26.2079
35.3629
54.7388
126.371
172.301
146.816
216.234
242.118
172.274
187.889
234.946
378.608
160.325
291.189
284.975
310.989
424.493
287.037
187.032
261.83
41.9311
26.5357
16.7912
19.1933
70.9637
40.0405
43.8872
71.6659
54.8024
29.6447
12.3412
11.4701
11.9285
11.1909
8.85834
13.953
4.25488
30.8641
12.0897
2.51675
8.08757
8.77302
8.55403
4.94677
13.1322
4.21769
9.86942
24.5899
59.3544
104.779
115.556
147.611
256.687
220.876
227.849
242.241
286.96
216.16
338.011
239.909
141.987
186.48
352.277
311.953
309.432
360.766
116.401
171.066
99.6709
80.7198
265.734
287.516
209.354
132.449
82.5101
55.5159
31.0121
14.5027
2.55036
6.19042
20.2133
23.3134
-37.2096
15.7673
-2.90496
-5.24733
-5.0252
-7.84983
-6.2131
-4.31827
-4.52262
-6.8356
-4.10847
-4.68265
-5.19909
6.29969
20.1057
36.392
82.8625
77.6323
170.307
176.657
130.308
234.077
382.804
349.948
248.813
417.805
351.033
405.175
316.778
373.456
506.945
363.414
488.074
254.768
292.977
237.023
263.3
152.561
104.262
54.816
6.60216
32.5917
34.1248
42.4574
17.2646
20.3681
19.2672
18.0351
9.12694
6.15668
20.68
14.9519
4.91939
4.91233
4.79732
4.79732
-10.9225
-1.78197
5.26768
5.6022
11.3291
8.10712
19.4336
95.1487
89.472
63.9669
330.902
506.343
259.169
183.159
94.941
273.623
467.324
356.519
420.435
366.772
469.794
446.676
359.033
313.42
199.072
45.8527
25.2815
125.531
81.1318
64.5767
13.8767
32.0418
48.5876
23.2835
2.39154
-5.75854
26.9189
8.86087
21.8845
27.9376
12.8336
-13.017
15.6037
41.0457
17.3918
-8.22037
12.2751
12.666
33.0697
8.22246
3.431
7.44035
-13.0811
-34.5846
-20.1007
0.770294
1.37188
27.5452
45.259
62.6373
162.391
273.359
218.08
289.661
295.278
310.416
543.841
414.603
236.66
135.418
241.914
188.544
88.3922
6.8312
5.195
8.70942
27.4834
18.8185
5.64138
15.3313
23.4534
-10.536
-2.33953
-1.34128
-1.92088
-11.1229
7.21546
-8.57533
-6.79367
-1.94195
8.09401
8.03883
8.27344
24.2051
10.3063
-2.05442
1.31414
11.5258
10.4466
10.8761
16.0072
24.4622
61.708
52.7772
67.8105
105.314
333.559
226.018
197.966
267.046
239.26
211.899
199.55
262.391
259.446
203.348
362.836
218.853
206.432
192.343
191.625
154.357
140.437
164.061
164.612
122.324
77.1451
49.6186
68.3548
30.9267
35.1393
26.4786
33.699
31.8087
17.1918
18.2147
13.1236
16.6852
24.286
19.7019
19.5447
30.424
16.3862
26.7519
22.4007
15.2064
17.4423
21.7328
32.1878
31.52
31.5771
55.0106
46.5262
124.937
112.976
181.629
430.807
251.827
112.161
258.65
196.035
267.085
201.147
252.028
170.73
238.632
258.628
172.899
241.969
162.191
167.699
194.653
141.486
129.111
134.492
119.693
64.5255
48.7079
39.8013
22.6201
10.7771
8.65837
13.3849
1.63975
5.20003
9.84095
14.9044
21.2209
7.61735
11.7869
13.2685
14.6296
11.8427
9.33283
17.3581
25.3274
36.1769
32.5256
37.4842
28.1809
55.0943
144.928
107.487
99.4181
148.913
149.888
194.685
205.752
246.084
372.291
292.464
411.198
198.511
293.485
264.866
228.013
279.995
171.535
188.855
130.056
132.071
144.289
112.67
91.146
54.3829
41.7675
51.4493
99.217
18.3234
6.54011
1.84086
2.72306
1.53733
1.69136
2.08665
9.07422
0.605576
-2.39648
-6.26746
-2.11334
-1.89824
-4.1797
-3.75569
-1.75536
-0.086245
9.0169
30.1134
57.477
59.7563
115.239
264.721
220.829
204.249
215.372
317.59
361.248
88.2549
224.512
162.164
388.006
263.616
243.909
377.162
221.176
387.999
278.419
326.707
218.249
222.775
235.267
323.809
141.08
108.753
91.9042
44.5436
10.3126
10.6932
6.57514
30.9442
14.6194
14.6776
9.95213
6.23735
10.792
16.0405
23.7499
14.2062
-3.02201
3.25273
1.21111
0.23017
8.06818
8.47964
22.4916
62.6493
100.725
61.4957
104.265
127.714
138.699
291.505
193.407
249.566
393.623
426.256
324.628
227.834
510.076
391.533
431.963
361.623
285.202
393.878
271.407
285.681
306.764
182.548
240.621
186.801
121.627
92.2609
117.669
105.592
55.5623
12.995
7.21664
-6.05769
30.4582
17.5298
16.9015
13.7066
6.1907
35.7977
34.9777
18.1818
18.9468
3.6469
2.33108
-0.743831
1.85543
17.1983
63.7493
68.8222
115.593
140.425
136.935
293.886
279.74
308.028
311.342
517.971
489.067
270.683
431.154
308.459
358.401
471.409
316.465
357.211
293.821
373.067
288.788
352.073
321.006
306.597
200.193
236.583
125.133
150.97
79.9505
52.2959
12.5945
-6.94497
-2.32267
4.67643
2.08786
3.31183
10.5854
12.7632
34.1751
19.8429
18.4499
7.35847
15.5726
30.2694
46.3566
6.18458
17.6358
22.2961
54.1454
76.2862
76.9448
157.133
142.585
90.9037
197.024
338.096
195.968
458.24
570.406
377.48
221.961
358.143
393.805
496.308
410.955
221.677
426.376
395.719
201.923
276.443
315.16
280.837
243.403
236.149
159.768
115.541
42.2726
31.624
14.2136
41.4478
7.96961
13.388
-0.718478
29.9928
14.4778
49.1264
25.6159
43.9195
19.3405
26.8644
2.50965
11.8492
5.89933
2.68182
18.7609
16.8235
41.0388
43.208
47.7626
219.375
99.3106
239.01
227.506
321.748
528.587
209.37
264.512
384.59
602.277
393.459
530.351
456.615
357.171
277.566
403.379
213.98
260.405
261.534
98.4196
122.924
128.783
85.9859
150.989
98.7032
53.0044
130.201
29.321
15.7716
27.5925
63.7922
14.9779
10.6348
27.0984
21.237
11.0641
12.2683
18.5579
27.2181
11.0509
7.72262
8.14043
8.57128
31.1195
25.8687
33.9404
47.8421
42.9029
45.5221
57.85
83.3198
82.9803
61.8147
132.532
107.456
80.8135
117.127
148.531
186.326
250.661
204.579
512.282
424.992
407.329
231.257
382.51
386.05
170.941
181.624
228.875
195.572
176.361
94.7808
-35.3801
46.3278
14.6477
7.03658
10.602
8.45812
5.03557
4.26508
2.56627
2.36452
13.1067
15.9014
3.72531
5.12506
3.99567
3.60084
2.40555
4.32538
4.3483
9.1743
11.8777
16.2777
16.5598
34.2813
70.4092
151.598
148.729
155.167
175.214
253.507
322.515
306.903
239.59
317.195
230.567
199.205
233.015
490.78
306.606
436.347
177.23
322.024
162.368
123.973
118.385
173.277
164.841
91.2255
39.096
29.6214
6.09907
15.5569
13.8025
5.27949
22.6644
22.2158
19.012
12.8533
21.2897
28.0925
19.7575
51.9334
12.0265
-5.25424
14.1506
5.0883
8.84912
7.30106
12.3389
176.01
84.3283
97.8625
134.068
184.744
205.586
225.858
218.327
244.17
350.295
292.315
277.256
531.63
494.793
362.889
257.076
395.153
248.451
304.301
245.928
284.107
120.758
142.664
222.68
165.569
151.916
126.338
87.3008
63.1001
13.7236
19.9288
9.88699
9.03644
-5.23623
3.43271
10.47
23.9104
9.85186
14.7992
31.0657
16.5347
17.4381
59.0265
10.4409
27.4522
45.4186
20.4903
18.6777
54.8777
78.0427
85.1131
104.728
146.417
159.209
336.21
256.806
415.043
292.951
456.5
442.468
355.299
373.67
297.83
388.313
404.255
409.23
298.993
327.277
202.969
256.136
278.804
56.5465
167.942
84.7526
104.651
64.4898
19.1824
-1.13911
-14.5591
-0.585711
-2.20821
2.86123
10.4214
5.00471
23.9756
16.5097
-1.91805
-1.3408
-7.33672
1.46334
-0.748811
32.4046
32.0136
4.32357
8.52765
33.7425
64.0894
80.029
134.053
195.789
266.273
311.982
372.598
400.924
404.055
349.966
501.577
522.246
540.174
558.663
414.825
542.162
393.383
466.654
432.284
389.706
535.303
290.372
259.743
313.249
263.808
304.551
109.164
91.8278
90.1697
44.6422
25.0593
22.7694
11.9676
14.9091
10.4525
7.14476
9.45581
11.6606
11.8792
4.58727
2.2977
-0.960284
0.847182
-0.84751
-2.73198
-1.70532
4.46248
11.9835
13.3444
63.5121
132.704
160.593
207.201
92.0724
203.473
460.191
285.651
331.722
478.554
416.717
192.047
503.793
391.916
304.597
380.322
462.882
240.56
279.812
414.381
284.004
389.377
426.343
261.466
197.923
118.316
55.0177
49.8781
28.5134
2.66793
8.72293
3.44936
26.4673
14.6918
10.1757
7.7616
4.34049
25.123
22.8833
19.0234
36.7803
23.3569
53.5716
41.9916
27.9066
11.1504
21.7787
84.6464
190.412
55.6155
120.607
387.608
434.136
381.225
270.239
367.871
363.177
519.409
452.662
518.701
342.721
423.324
495.396
569.839
414.493
510.444
591.553
381.951
419.442
145.852
75.4361
87.2128
179.304
177.793
88.2339
43.715
22.3707
17.6852
9.54835
6.19527
11.3732
-1.59528
8.8206
9.07947
-5.17172
-6.03196
-2.56721
0.649176
0.363137
9.27458
-0.911749
-1.79804
0.417591
-0.586038
10.2614
14.7246
51.1399
115.64
94.6896
35.7749
10.3986
7.25247
9.28838
6.06497
-37.7108
59.397
63.3769
58.564
115.833
112.334
273.65
115.546
142.503
101.564
124.849
167.118
161.375
158.705
166.502
73.2063
119.399
84.4988
5.75757
-1.01096
4.4681
3.3355
45.7048
13.6269
6.3661
8.01309
14.3025
4.03583
-6.19011
-2.00125
2.6701
-10.0115
2.65856
23.358
5.00278
26.5781
20.861
37.7021
40.5962
51.0128
50.2142
128.807
158.78
346.884
333.323
245.523
297.143
419.855
298.704
487.566
565.578
654.563
432.44
409.561
454.862
274.723
429.577
163.1
302.249
420.227
299.467
219.295
221.778
210.622
120.973
102.914
84.095
42.3545
54.131
17.3573
18.7092
29.3203
30.424
17.7619
14.2099
24.003
14.8678
11.8133
11.4746
11.9452
15.7818
9.95894
11.948
6.57621
12.9933
20.9177
27.0334
35.9482
78.7622
96.7235
88.9545
266.535
50.8959
202.077
244.006
172.501
183.894
243.72
268.543
183.263
280.555
293.021
393.803
222.557
359.598
41.9192
6.10015
14.4492
-3.7958
7.83404
-28.6875
88.664
27.0265
37.2969
22.5855
23.8774
39.6323
18.7837
3.26373
3.62882
-3.67846
-0.273548
0.789095
-0.247422
1.38726
-1.5621
4.4097
-0.975105
4.63828
0.762587
-2.06572
-2.97903
4.44126
1.41573
-2.56177
-2.83085
11.7338
25.765
73.5643
166.708
239.25
130.547
96.8975
146.257
368.729
419.104
367.164
377.389
232.342
87.1944
296.009
188.612
408.218
361.135
447.47
179.425
191.149
38.9449
33.0681
53.1707
64.581
76.4298
74.5183
18.4997
-5.91
2.35367
1.31217
-1.6559
-2.34635
-2.09864
-8.45264
-3.79814
1.26289
-0.44561
-2.08309
-1.09999
3.39059
-3.158
-2.23953
-3.28748
-0.540477
11.4312
20.408
54.3187
66.161
52.1208
40.651
201.524
443.469
314.123
247.481
266.598
234.629
257.641
107.737
251.975
116.112
27.8168
14.0831
30.1308
61.9307
144.315
142.853
135.022
96.0119
129.095
217.4
118.238
112.197
69.2007
78.3291
58.2657
19.744
24.4014
-0.685691
-4.45688
-3.58654
-4.54598
-1.25477
4.38794
4.25637
-2.10453
9.61497
-6.20688
-4.21751
-1.37739
1.26614
-1.09721
5.0099
-2.44142
12.7608
24.7871
48.1736
103.538
148.285
129.19
160.137
201.701
133.444
242.793
301.34
242.543
274.047
229.514
85.0429
38.5339
104.27
151.69
148.398
90.8651
171.817
107.641
115.963
137.734
161.74
64.851
59.2164
65.5205
25.5524
15.7698
9.07621
4.18819
-1.5168
1.70948
2.29805
11.2817
10.5188
10.4682
2.32602
1.67915
4.02195
9.51169
3.56457
-10.122
3.95764
4.25362
17.5443
29.0339
16.3293
17.4684
4.45244
6.86864
20.863
34.4099
110.945
228.826
255.436
335.867
264.899
365.179
347.799
288.822
363.806
411.656
488.311
418.228
633.409
479.632
390.124
350.348
299.887
284.477
416.611
250.383
211.336
114.477
103.721
42.9004
19.93
17.114
11.0956
16.4989
11.2412
16.3272
12.7795
12.2604
16.7448
13.8362
9.41074
12.0567
9.9078
6.99299
2.6283
6.70512
5.16523
-1.07994
2.22092
49.5235
73.5129
165.175
185.668
174.298
247.826
257.607
311.486
222.029
342.953
266.773
370.227
325.764
289.133
352.172
237.109
441.548
308.529
258.196
249.68
351.612
301.902
300.361
170.749
156.246
94.6669
98.542
69.7692
45.5187
17.2447
16.475
21.5655
22.3875
16.8602
23.5038
22.0948
16.2267
10.7292
13.0022
12.7518
11.2039
14.3548
21.2883
15.5669
5.65792
5.81914
12.7358
15.693
32.723
41.0934
68.7691
128.445
168.828
211.798
239.467
331.904
169.59
246.904
392.101
139.311
219.981
267.587
261.356
400.426
427.38
273.016
380.248
138.281
135.228
176.968
74.4688
118.549
167.266
82.2702
54.1564
53.2541
36.9664
68.2067
32.1886
14.6563
20.2698
59.9916
29.0686
3.11241
3.70852
2.47428
6.13657
2.28539
28.0541
24.9138
15.4876
-0.180431
-0.303724
-0.211065
0.445063
2.037
4.54919
9.76749
79.9173
50.4036
105.759
144.936
145.815
149.018
122.73
129.859
152.13
89.2585
143.502
148.513
134.13
184.054
289.275
133.323
72.0145
68.484
136.448
134.295
42.3472
63.2439
31.8031
29.5225
57.1328
41.3534
54.7068
25.3589
1.86044
5.77074
30.119
3.7818
0.308956
1.43131
-4.30526
4.05136
15.5696
4.75415
3.84536
-4.35434
-9.22976
9.54203
-3.04379
3.42439
3.52637
-16.6713
-3.94177
1.21244
-0.472322
-5.09765
-1.04209
1.25794
-2.96627
4.78886
7.93796
8.68145
19.2394
-14.785
14.9089
71.8725
33.0818
35.2704
29.1907
39.3748
44.8062
-3.18971
19.3745
92.0393
105.277
77.6625
22.8406
68.2971
53.1048
63.8387
11.7546
0.495766
1.67466
-1.65127
-1.89452
-2.1738
1.38239
3.47371
-1.93367
-1.19375
6.51735
2.05987
0.613449
2.72034
0.0910686
2.05311
-1.18284
-2.84016
4.69949
-1.79958
-20.5277
-8.13914
28.2329
22.6137
69.8934
90.8349
127.209
77.9051
292.244
333.541
450.386
496.591
331.018
407.674
482.798
397.408
459.685
154.526
157.783
463.079
465.461
336.194
247.343
290.099
266.75
90.2445
101.009
133.238
86.0914
19.1818
7.20879
-3.74261
1.19548
7.92854
5.16454
15.3335
6.54499
3.82115
0.723058
-1.18278
-1.85591
-2.54605
-0.726652
-1.4078
4.79904
-0.941418
0.557946
-2.17675
61.3333
28.7872
46.5352
87.0902
195.561
209.526
201.568
227.714
228.304
229.383
326.977
268.637
319.734
342.519
310.094
421.219
283.876
372.415
70.4483
44.413
67.24
135.828
36.4637
18.7976
22.1547
16.1412
11.419
10.9221
8.90799
8.92753
-0.271704
6.11748
2.19836
11.726
22.4075
12.6536
-2.7007
-1.50972
-2.253
0.546866
-3.75292
-1.38532
-0.58555
-1.07522
-3.46406
-0.776281
-4.37263
12.4192
6.75167
9.23997
3.52057
18.3617
1.2016
6.11242
21.0286
134.202
178.092
140.439
158.896
71.044
-5.89849
119.141
149.178
332.389
228.273
126.311
327.993
429.16
284.013
304.936
211.835
268.313
224.937
188.138
178.359
135.524
69.2206
141.075
15.7843
18.2747
66.8837
31.8861
7.13007
11.9957
16.1089
36.6812
29.3613
14.4092
15.6449
1.56225
2.03561
33.4064
4.34703
3.56992
2.18984
14.1234
2.71295
8.62012
8.63487
15.6592
1.64697
22.7021
56.491
45.9335
93.3156
62.4706
119.826
106.111
127.255
158.951
178.637
235.511
182.935
166.275
155.516
164.296
93.5458
37.2477
34.5462
24.0303
77.6129
37.7811
12.7974
9.61353
1.7388
1.30421
3.46816
-0.703346
0.112964
-0.133933
-0.320456
-0.117974
-0.30239
-1.0973
0.151134
-0.432571
-0.258518
-0.130526
-0.498633
-0.988143
-0.13728
-1.29507
-2.0953
-0.769273
0.683185
0.905498
0.487173
0.438664
1.78785
10.9349
50.1315
88.3599
41.0008
8.45241
79.3772
163.855
251.238
225.699
164.038
76.7041
99.9917
248.09
167.414
118.943
104.891
125.707
126.349
125.556
54.0393
58.2896
71.4448
42.7521
31.5745
5.08899
1.89374
0.346382
-2.19447
-1.11497
-1.85297
3.51048
0.133195
1.02039
-0.921098
-1.35087
-0.531942
-1.43958
2.68091
-1.09396
-2.8402
3.37426
-1.17065
1.86557
20.5002
50.9817
101.201
165.881
144.482
271.772
294.695
398.638
320.193
292.611
435.715
293.994
521.341
427.024
288.887
354.319
386.836
333.636
282.774
258.04
230.258
150.867
81.9714
124.856
155.065
112.465
129.535
159.509
87.9578
84.7295
58.5123
58.7175
77.064
54.3314
54.7163
72.0099
61.1809
59.1282
20.1433
4.25032
-2.95342
1.78759
-14.499
-5.1345
-9.43975
7.78852
-2.02364
6.85155
-7.31124
-10.8156
18.5748
7.95694
-6.06989
-7.71578
15.5654
-3.55044
17.1574
2.44691
-1.88369
1.40838
6.73862
-10.8811
9.93835
11.6316
13.008
2.26263
-10.579
5.50867
-6.6061
3.97296
6.33601
1.77961
-8.01517
2.43062
-2.48083
-2.58212
-2.77034
2.18269
1.13422
-2.64136
-9.37566
-4.95573
-0.917145
-3.62203
-1.0567
-0.942993
-0.825709
1.82566
-1.79013
-4.05957
-0.538276
-1.47469
-2.25405
-1.90738
-0.813447
-0.61505
-2.50137
1.55209
-10.772
2.00539
2.58718
3.98849
28.9087
6.10539
15.4075
8.99943
25.398
40.9258
56.6105
127.9
153.382
84.2423
60.631
158.276
47.1422
65.9799
43.6918
34.1133
47.6981
61.0992
14.4602
13.1058
19.3038
47.3038
37.5357
12.4709
3.92692
0.718459
-0.208958
-0.872243
-3.91447
-1.21779
-0.273699
3.92779
0.944257
-1.17003
-1.96734
-0.662311
0.600229
0.102067
0.184151
2.09351
3.12712
3.03354
4.16317
7.02463
19.4987
79.6081
115.564
69.3833
61.8792
52.953
70.3
105.606
113.836
50.148
140.232
169.439
221.72
107.337
101.426
268.985
403.184
140.111
114.045
132.482
132.674
94.981
68.5399
20.5085
19.5596
104.483
48.6667
-0.887315
-9.75424
4.80941
0.85012
-0.861315
6.81955
7.8632
29.0359
0.59637
2.00133
-1.35728
4.08528
-1.12822
-0.580672
-5.52389
-4.84705
6.93962
-0.669357
5.77378
11.1685
37.5484
42.275
138.321
186.148
206.601
238.865
349.129
234.249
254.867
301.703
451.907
504.634
390.375
279.247
391.221
454.167
358.224
354.223
406.162
210.133
294.112
187.699
170.536
153.056
75.992
84.9667
52.7253
38.588
3.9096
6.23425
7.57616
1.63015
-0.760431
11.2348
-1.38674
1.31838
-15.3454
20.9872
7.27174
18.4127
-8.30851
5.42533
-10.9301
-15.5108
-18.4667
-12.0131
-4.35548
-2.92536
-6.33923
44.2399
86.1683
137.979
176.336
354.116
204.22
290.468
392.491
232.511
171.857
303.895
228.134
85.1739
253.735
356.889
225.558
385.963
252.419
254.722
154.246
119.252
263.223
103.226
93.103
84.5071
29.8715
6.74579
3.15258
1.40532
1.53435
-1.77595
3.50701
0.612344
-5.04351
-1.81979
-2.93932
-2.20843
-2.37975
-1.63508
-2.76994
-2.25652
-0.674968
-1.90906
-1.75086
-2.19215
0.719123
-2.02382
78.2289
62.7817
55.1835
58.4426
102.922
62.8058
288.264
289.75
155.502
319.646
194.323
381.341
494.91
402.302
271.392
309.469
87.5485
234.762
247.854
104.857
183.014
46.4654
19.432
75.5787
55.7846
54.1871
60.3011
61.1794
7.8639
7.28165
32.7938
7.06144
7.71983
7.50739
22.2492
-2.09497
6.06314
6.45047
-0.489613
4.66624
-3.00945
-3.78269
-3.71219
-3.04775
1.34714
-3.2211
-4.51528
9.1377
30.3731
99.905
165.126
94.482
164.187
263.277
349.106
288.411
330.08
319.363
250.37
238.824
451.835
441.083
453.85
410.648
407.731
172.069
470.248
613.151
366.407
141.583
333.007
207.028
243.099
141.204
67.2446
14.5303
29.1575
14.5837
5.97133
0.849352
-5.62828
-7.95391
-9.14474
-8.4917
-2.5814
-3.13352
0.238519
2.85662
-0.743983
1.67099
-7.91318
0.277011
-0.635099
2.20506
2.24663
1.90121
65.6788
4.74201
15.2794
27.0942
97.5643
193.026
362.626
453.257
385.365
321.282
314.338
262.73
438.232
244.214
413.805
217.135
394.909
220.36
317.2
306.901
308.615
248.55
166.704
171.969
197.448
149.014
113.015
65.7671
20.9139
25.1264
19.8299
13.6066
20.9134
26.83
9.8243
8.87581
6.14175
2.56821
4.98092
-5.31508
15.9222
0.894993
-1.40613
-0.444454
2.68505
-2.0675
6.5432
3.62133
16.7262
37.4041
134.106
214.608
245.477
335.064
428.698
221.479
363.286
368.924
373.416
331.786
285.032
513.852
452.644
345.16
266.658
105.234
290.795
202.854
362.344
260.281
228.232
194.2
119.219
110.832
23.959
25.6948
16.6026
2.7502
-7.61388
1.91396
5.01859
5.73329
3.1005
8.20877
5.56553
2.44617
4.25771
5.51673
-0.815535
0.694754
4.18308
3.90767
0.305869
0.634612
8.16683
4.30072
5.35934
21.8237
118.96
124.952
130.057
176.513
331.714
296.171
449.794
269.39
359.643
321.588
450.954
299.045
287.299
379.96
333.196
282.535
356.261
376.029
246.53
207.253
159.289
157.194
175.304
58.664
79.3697
20.0932
4.14177
4.7965
3.90722
3.12701
3.22188
0.930632
5.39842
4.00973
1.23179
1.83487
1.73574
1.05636
1.17867
4.11505
0.93078
1.89139
2.29901
5.08083
10.5127
19.7845
36.0348
27.2124
55.4114
92.1113
68.6061
168.705
126.399
272.027
211.809
193.175
273.837
432.853
329.807
428.336
301.319
415.204
302.989
436.343
281.355
135.27
14.3205
11.51
-20.1198
10.9084
2.58862
32.4825
7.26504
3.12917
-1.75935
-3.6051
-0.858104
0.244907
2.34533
-0.4607
6.85912
-1.71493
2.08752
2.13951
-0.377271
-1.10465
2.34754
-0.706186
2.67762
-0.638698
-2.92016
-2.69627
3.6239
-1.18638
5.59752
3.34913
11.311
61.9491
122.144
132.572
57.4879
122.167
87.8523
137.779
75.7013
315.084
189.516
314.995
245.132
410.683
165.018
269.887
368.9
314.161
221.206
110.88
254.017
109.378
64.5448
24.5788
5.00696
5.19203
8.27235
0.407941
0.409694
-11.1172
4.53392
0.633271
8.6486
2.91683
5.79699
8.988
6.74665
5.33487
-2.282
-1.04023
-13.2278
-1.73465
-15.9834
-13.6529
-13.272
90.141
16.8382
54.4488
80.5874
164.308
138.606
291.99
233.014
228.667
358.923
312.835
407.543
382.349
287.455
349.182
366.698
507.66
379.038
348.881
339.838
305.909
238.973
170.673
246.245
134.526
25.2235
48.5769
24.9122
25.7231
7.21962
6.34337
5.79661
2.23408
-1.66714
5.88547
16.6474
-5.02624
-3.12402
-1.90529
4.31074
4.67789
5.41176
3.6922
4.59567
4.80835
5.61597
6.32908
24.735
44.4045
43.9689
62.944
112.048
144.505
301.332
131.528
246.341
138.846
211.333
189.069
299.665
379.618
242.992
342.254
215.715
261.781
255.731
209.392
358.265
329.787
410.698
283.756
216.009
129.916
149.138
39.703
31.9399
24.9353
8.09581
6.12808
-11.7778
7.69197
3.34078
7.2675
7.68043
1.73089
13.5043
10.188
16.4653
12.4566
4.69055
3.44407
6.40629
6.09622
-1.03802
7.13708
14.773
3.76956
4.17575
83.1416
53.7961
57.3088
75.7341
40.7989
74.1353
75.8954
88.1095
234.734
132.61
84.1438
40.5259
41.4544
22.8098
30.4444
21.816
29.3774
36.6849
76.0038
41.0321
54.2512
56.8536
24.5085
9.11461
7.46233
1.12095
22.9409
7.36968
39.8887
8.96746
8.68766
7.54751
6.24725
-4.49643
6.03975
-4.32207
-4.63947
6.16186
2.52382
-0.858994
-2.01671
5.24628
0.9388
4.86439
-0.395372
1.21528
15.3259
40.7704
130.571
69.9213
203.396
122.703
356.715
405.371
313.551
375.351
439.444
307.596
331.365
423.138
367.797
403.596
112.396
319.632
533.37
63.2572
214.772
487.122
91.4161
125.011
122.588
93.5083
58.1499
8.88432
12.3551
4.98351
43.797
4.52934
19.568
11.1875
27.8236
18.3741
3.55032
-2.113
4.09163
0.418888
-2.37369
4.26668
-0.841654
-1.64326
3.96465
4.07232
-2.7484
-0.517248
2.59432
6.69291
5.98926
7.60359
12.2382
24.0716
58.0257
26.911
102.261
259.551
268.124
393.888
328.401
124.417
419.684
505.91
297.673
394.722
327.105
125.511
121.337
142.937
318.494
213.301
161.724
111.474
11.5923
16.8287
4.98784
1.42811
-1.19479
-4.42523
-0.416041
-5.91098
7.46562
0.500043
4.22986
6.08441
-2.14773
0.178748
0.831445
0.257656
-1.06672
-1.99184
4.67182
4.52
4.52712
4.6079
4.32745
3.74934
-1.80118
1.96036
-5.84224
-13.1894
10.2222
10.3246
21.0764
24.1256
32.5509
36.7575
154.557
276.698
300.995
438.078
307.314
156.646
132.338
388.176
215.056
346.639
220.558
179.753
198.919
57.0485
88.8495
50.4775
28.5564
-1.53241
2.62232
10.9329
3.91214
4.39293
0.582855
2.63059
-1.5788
-7.91945
-0.733593
4.57671
4.53852
2.97205
4.49998
4.23908
3.31811
-0.965966
3.84847
1.93428
0.733442
10.3404
42.2037
40.5168
112.147
105.76
357.569
233.333
247.762
357.531
293.581
165.27
538.113
383.936
216.32
145.874
267.857
238.555
303.404
205.451
165.375
425.279
98.064
88.0289
222.739
133.943
54.149
31.7234
7.27363
17.5738
20.94
17.6231
9.04654
14.7031
15.8639
10.2576
20.8926
17.9087
10.8673
9.81854
17.7485
30.7731
24.3779
23.2027
14.0126
5.26844
0.551629
1.72085
5.94381
30.3189
33.3023
87.2967
179.17
151.601
180.54
255.531
350.814
339.161
410.623
489.575
225.107
305.367
267.343
234.342
445.94
238.522
387.956
310.998
325.436
504.612
188.219
145.776
92.2541
57.4694
70.0376
42.8557
26.9027
39.9755
12.4441
2.49096
2.82441
2.45727
2.57018
2.76237
4.33501
3.68027
2.36287
0.942489
-1.63707
-1.84058
-0.844289
-1.71157
-3.28572
4.64879
2.76485
-3.17123
6.40608
5.56918
24.8686
60.4553
100.879
62.5242
99.6374
288.037
175.2
222.098
277.949
147.372
394.152
222.712
260.831
300.888
258.577
253.715
368.843
290.978
393.136
254.338
243.829
221.827
136.02
139.011
86.3984
50.9782
14.7206
13.3517
14.7357
15.5188
11.6088
11.581
9.00441
9.22794
5.96251
9.26181
4.45653
6.07971
17.5901
16.2549
8.03191
9.18257
10.1989
8.93276
15.3556
16.3451
25.3094
25.9149
41.4341
39.653
75.9311
98.7185
166.974
136.915
245.734
173.083
201.076
177.588
209.557
246.09
412.229
260.114
417.597
387.358
411.134
327.158
212.073
63.8041
62.0174
41.2406
37.206
69.6574
62.8528
45.756
25.539
23.8338
9.3269
12.7254
2.97718
9.35659
0.844584
-0.26751
-2.89198
-0.842636
-3.45433
1.21942
-0.741567
-1.04594
-2.67871
6.90669
-1.62823
6.83577
3.25083
2.66078
8.37909
46.1751
179.55
211.992
195.689
337.363
340.897
465.67
292.535
302.484
347.213
379.158
359.476
405.625
617.04
314.528
381.442
386.075
474.332
262.799
294.375
260.837
138.203
231.992
113.577
95.6379
83.6881
37.9913
12.3189
11.2697
9.20236
16.9161
12.6685
11.0483
8.87528
6.17992
7.29882
0.393855
2.62368
0.917772
-1.50268
0.992096
-0.905613
-4.26493
-1.59458
-3.66272
-1.53348
0.707268
2.64935
10.1056
13.2605
24.0988
76.6871
88.0853
58.81
139.685
314.009
179.197
243.447
205.347
419.21
285.856
230.246
233.816
258.432
270.646
167.126
122.553
208.048
127.631
85.8999
90.2564
52.8552
38.1862
20.9882
5.1094
18.2672
7.84625
10.4336
1.05326
2.94546
11.6224
6.71331
9.76345
12.7654
8.23375
7.68004
7.04212
7.13741
67.4728
7.14908
7.07261
-3.79445
10.0877
-4.60745
-5.10735
4.13688
8.26458
29.538
54.5797
173.546
205.677
201.698
392.692
275.733
243.562
382.035
217.19
330.887
244.826
168.518
368.562
319.83
409.373
219.337
129.253
101.476
204.143
311.313
257.247
176.23
67.2374
41.6561
34.1389
9.95642
3.85201
5.20955
0.401903
5.69873
0.786704
-0.48595
-2.00896
-2.28633
-2.47851
-4.36539
-3.16499
-4.51084
-3.03786
8.1207
-3.91005
9.87969
-2.58821
10.8212
-3.9648
55.7564
11.9094
40.0985
99.252
107.53
155.463
221.744
344.775
253.587
371.561
350.38
333.77
135.88
262.061
183.454
240.688
188.293
376.04
104.257
52.2213
56.8689
65.9341
106.304
237.477
201.813
116.275
31.1428
63.2335
38.9123
8.53659
8.13204
-2.50305
-3.54114
6.16869
-0.586456
-5.05606
-1.11645
-4.69493
-1.68505
-2.47274
-1.81671
2.16221
-0.883554
6.04781
-2.69449
2.62907
7.58675
5.07033
16.7687
14.021
15.6716
96.8602
149.306
108.186
101.986
190.108
378.689
437.22
433.338
392.587
444.967
383.058
344.846
314.565
400.499
81.1111
184.181
161.168
76.1792
114.405
17.5757
130.448
27.5069
17.3439
30.1528
3.78769
7.4198
42.0553
38.2156
22.6668
6.92283
0.547678
9.69142
-1.65805
-4.66515
-2.06258
-27.183
-4.73868
7.70079
7.78402
20.3898
11.5663
29.0727
14.385
11.1948
39.4048
12.7791
28.8505
81.2128
115.064
126.735
255.259
182.219
202.047
109.982
159.047
138.635
128.695
237.091
50.2048
128.347
124.322
170.186
93.5621
58.1365
141.214
91.4695
74.2929
88.3757
161.237
123.411
110.137
102.637
121.215
94.5029
12.5739
27.0709
17.6883
-7.62575
6.26352
-4.42687
8.53836
13.4596
-2.58754
1.79908
-0.890422
-0.901306
-0.467042
13.5612
-1.43308
-0.598956
-1.66099
-4.99634
13.4465
13.7256
4.49302
12.112
10.2845
6.49692
7.16923
19.4319
52.3269
67.5407
78.2531
115.094
79.9319
82.8725
100.123
83.2225
99.0917
71.7143
87.914
79.2531
89.9932
91.1018
54.5729
101.827
91.4738
100.701
112.368
110.06
88.6372
71.4645
51.1085
33.0983
35.4285
44.6267
27.5695
14.2627
8.70481
16.0462
16.0022
20.9736
14.9615
9.40576
6.23766
1.35242
7.8631
0.595003
-0.96885
0.173726
1.42103
2.46207
6.04842
9.86811
12.8415
21.0271
42.8184
62.5245
63.266
107.837
144.446
272.014
224.834
205.937
263.611
346.998
423.984
251.085
282.612
157.26
275.777
290.727
165.767
205.04
161.829
225.789
83.2137
24.3723
26.2995
15.7857
6.58558
16.7429
2.87016
-0.767712
7.90635
-0.14562
0.551842
1.84039
7.63279
-0.615288
-0.811017
2.53805
3.81085
-1.20566
0.385369
-3.68936
-6.94095
-3.20878
-0.368231
14.7226
53.1906
79.9948
42.0414
103.174
216.693
162.791
269.893
195.847
176.919
199.14
229.735
203.888
263.161
214.491
261.873
351.683
211.33
265.494
184.038
155.513
246.223
155.346
103.608
68.9869
38.9781
5.26308
4.34951
5.40789
6.61646
5.79782
13.2939
29.1587
13.3339
54.9962
28.6653
40.0039
55.8254
18.5223
1.93322
6.20459
13.8375
10.343
16.2676
13.0227
1.37435
13.598
-0.904177
23.6803
2.054
0.684034
35.0684
6.24214
9.2305
71.5918
74.4707
136.279
132.121
117.696
184.079
196.262
264.451
121.226
211.381
228.169
273.055
124.145
32.2742
94.7175
28.4112
48.0238
13.2044
4.30388
16.4612
5.34372
28.3554
10.9934
-0.494854
12.8665
-0.328302
12.921
-2.00371
-1.07426
0.310219
14.0231
0.681608
0.784182
14.7283
15.4419
15.756
15.756
1.39018
14.7248
-0.944247
-0.225272
-1.70579
-1.84486
63.761
4.10604
29.8035
69.3501
137.347
137.173
207.044
289.247
208.161
360.477
407.402
440.788
495.787
459.14
583.896
443.57
441.13
356.991
338.435
504.618
255.341
160.235
90.7047
20.6537
48.5294
91.8333
65.2868
39.2108
35.2461
22.6782
11.9188
18.5736
14.8529
21.8764
7.52194
3.22643
5.23765
12.06
10.9924
12.5845
5.9727
4.25438
3.71527
2.87785
2.60577
2.17487
12.4165
-0.706111
7.43924
23.5636
22.6227
48.6847
108.336
135.637
229.71
235.46
291.354
218.032
270.59
105.62
147.745
286.034
330.336
475.018
282.889
203.461
233.483
244.601
260.15
189.637
319.612
246.041
154.999
91.5964
31.3133
27.7868
18.5957
50.8374
51.7107
20.0011
20.0941
14.2397
12.0776
12.0549
15.9301
10.4702
6.09056
19.7799
4.50873
19.7018
2.08283
3.14268
13.8073
5.54059
0.986109
0.788384
24.4874
62.5152
112.211
186.196
322.968
281.631
330.149
336.643
407.405
132.054
255.909
394.753
407.748
379.797
220.59
320.234
291.989
282.154
240.083
230.777
259.242
262.319
240.361
199.054
165.382
108.169
63.5781
43.157
10.916
10.772
10.7099
10.8484
10.8907
11.0324
11.0207
11.0207
11.149
11.2381
11.3547
6.85751
4.13859
3.18971
5.78556
6.03915
5.02519
4.7707
8.96724
18.5436
39.5157
75.9295
139.272
189.829
242.448
286.788
330.765
293.387
288.641
302.779
317.075
311.767
355.807
391.301
389.863
318.378
290.39
279.88
238.148
228.917
257.152
260.205
238.424
197.45
164.049
107.297
63.0656
42.8091
35.0525
32.8503
31.352
34.7486
25.2848
15.6027
14.6114
12.2695
10.9777
10.8063
8.97288
6.82
4.09486
3.17233
5.75403
6.00624
4.99781
4.7447
8.91838
18.4425
39.3004
75.5157
138.513
188.794
241.127
285.225
328.962
291.788
287.062
298.625
312.725
307.489
351.393
383.951
383.772
314.428
286.505
277.038
235.73
226.593
254.542
257.563
236.003
195.445
162.384
106.208
62.4254
42.3745
34.6966
32.5168
31.0337
34.2058
24.8898
15.3555
14.3799
12.03
10.7583
10.5478
8.78235
6.66474
4.02225
3.10011
5.62304
5.8695
4.88403
4.63668
8.71534
18.0227
38.4057
73.7966
135.36
184.496
235.637
278.732
321.473
285.146
280.967
293.329
307.179
302.036
346.354
379.848
379.67
233.144
224.917
228.114
195.72
169.623
154.141
126.437
96.069
79.6434
72.6868
54.5908
40.3567
29.8396
21.006
16.1263
13.4648
13.4279
10.4277
8.05417
6.99619
6.39063
5.78102
5.70169
5.49755
4.57859
3.60443
3.05184
2.91123
2.65587
2.44879
1.72081
3.36508
8.07515
18.0508
33.1413
65.1993
85.0471
121.625
152.089
178.027
183.789
196.901
189.235
191.472
199.577
212.67
225.709
240.05
232.08
226.211
231.868
204.321
183.446
164.041
130.888
97.4273
77.8898
69.9098
53.9138
40.6094
27.6332
19.2879
16.0145
13.5796
13.5437
10.5147
7.71588
6.62387
5.7697
5.0846
5.47641
5.17898
4.47693
3.98195
3.7152
3.37798
3.67204
3.83936
2.86005
4.93477
9.95681
19.3583
31.9221
60.5579
81.6782
113.793
136.79
159.938
172.172
181.836
176.827
182.498
182.816
180.275
195.709
199.487
187.982
183.84
193.623
167.013
155.111
138.106
112.8
92.6118
71.1189
61.3839
43.9468
27.7671
14.4539
11.4653
11.7844
10.9489
11.4421
9.2626
6.41088
5.48845
4.33524
4.24531
4.10164
2.91623
1.27249
1.12033
0.966866
1.35622
2.84261
3.7845
2.57563
4.16658
7.86291
16.3729
29.4784
59.0091
82.0517
108.745
118.986
80.5956
67.6116
56.611
49.1877
28.1149
21.732
13.1305
9.17909
5.34073
1.21061
0.431761
0.886746
0.704087
0.153501
0.88666
0.911092
0.911092
0.333902
1.1124
-0.0649456
-2.36164
-2.70156
-2.13755
-1.74733
-1.59536
-1.08698
-0.325997
-0.311027
-0.374146
-0.153567
0.016242
0.0896819
0.446074
0.0421275
0.35415
0.35185
0.62248
0.489127
1.51453
0.302419
0.302419
0.126952
0.126952
0.889203
1.69252
3.98621
17.0162
47.5873
79.6965
66.8574
55.7149
48.4091
27.5105
21.2648
12.8453
9.03665
5.26502
1.19457
0.426041
0.876689
0.696102
0.151761
0.876605
0.900759
0.900759
0.330115
1.09979
-0.064209
-2.33486
-2.67092
-2.11331
-1.72751
-1.57727
-1.07957
-0.324773
-0.309571
-0.370133
-0.152159
0.0160931
0.0888687
0.442413
0.0418387
0.351723
0.351574
0.621991
0.488743
1.51334
0.302182
0.302182
0.126852
0.126852
0.888506
1.69119
3.98309
17.0029
47.55
79.634
66.805
55.7108
48.4055
27.4909
21.2497
12.8453
8.98175
5.22591
1.18458
0.422178
0.869357
0.690281
0.150491
0.869274
0.893226
0.893226
0.327354
1.09059
-0.0636268
-2.31369
-2.6467
-2.09414
-1.71185
-1.56297
6.13694
6.50452
6.83803
7.05172
7.23336
7.40789
7.57128
7.67432
7.79552
7.85909
7.90156
7.91065
7.91114
7.91114
7.92276
0.304268
0.127727
0.127727
0.894638
1.70287
4.01058
17.1202
47.8781
126.983
124.689
35.4614
41.15
22.4299
19.1858
19.2527
4.22998
-0.911824
3.12585
0.419953
-0.939581
8.91394
20.6969
2.589
-1.19826
1.21523
0.964396
7.05286
7.06088
7.12188
-1.09165
-3.53573
-3.31272
-0.436475
-0.182677
-0.347243
7.11721
7.16071
-0.392777
7.14374
0.0890002
0.354751
0.309327
1.02879
-1.56168
1.64911
6.03994
1.39846
6.03994
6.21545
-0.785129
6.2272
1.04538
11.1881
2.42846
1.63476
10.9337
53.484
94.0986
113.485
133.617
125.724
92.301
72.3487
131.419
186.953
205.449
204.35
169.423
117.984
134.55
94.624
34.5979
-1.99104
5.39347
80.8127
1.57572
0.793011
7.11942
-0.791127
7.11942
0.965939
6.79983
1.70007
-1.84955
-0.661113
1.55317
-0.617418
-0.645405
1.10488
12.6363
-1.00269
5.43189
5.22533
5.14125
6.07347
5.09842
5.24721
0.452393
6.94313
6.08435
8.95465
20.7419
13.405
24.6978
119.906
157.772
185.197
340.018
268.607
331.85
416.001
236.95
251.167
311.692
312.713
274.908
221.228
233.334
180.917
122.532
66.5107
33.5855
34.2423
6.7461
-2.01092
8.29282
4.99431
7.50076
9.80187
15.0321
9.92696
6.3062
7.27705
1.90264
4.77831
2.94617
7.28875
2.63388
-9.68419
-7.78179
7.25385
7.24188
6.95622
6.59066
-0.993144
-1.02368
-1.53342
6.28733
5.22561
5.91492
7.73389
22.5327
59.437
14.9895
39.0922
95.1681
130.254
231.301
121.194
300.802
246.163
343.995
276.779
93.7119
55.2382
52.2048
113.099
76.9267
32.7961
5.30611
3.30474
13.7147
13.8217
7.67673
12.29
48.4053
2.12125
0.572646
6.22137
-1.84977
7.40468
-2.55582
6.66733
6.61439
6.44461
-0.806099
-6.56517
6.57587
6.56574
-0.90844
-0.533506
-4.00892
4.00389
-2.80153
6.11967
-10.0597
10.9688
14.0394
25.9932
86.8721
-4.59775
49.6601
38.8932
44.5166
69.0685
67.2506
64.6534
71.9574
84.8367
99.0354
22.0445
149.085
35.8709
3.17654
7.77688
8.91747
1.88727
-3.92902
10.6558
2.52299
5.37317
16.7661
83.7656
11.9544
10.9797
40.0258
11.5893
10.4891
10.2134
